94
C 1 87 1 87
O 2 64 2 65
O 2 47 2 46
O 2 15 1 15
A 2 65 2 64
A 2 15 2 64
A 2 64 2 15
O 1 27 1 28
A 2 15 1 87
C 2 36 2 35
A 1 87 1 87
O 1 48 1 48
O 1 64 1 65
A 1 15 1 87
A 1 15 1 15
O 1 53 1 52
O 1 25 1 25
O 2 92 1 92
A 2 35 2 15
C 1 4 1 5
A 1 87 2 35
A 1 15 2 92
O 2 53 2 52
C 1 59 1 59
O 1 55 1 55
C 1 22 2 22
O 2 41 2 42
A 1 5 1 55
A 1 25 2 46
A 1 5 2 65
A 2 36 2 36
O 2 33 2 34
C 2 23 2 22
C 2 24 2 24
O 2 22 2 23
C 1 40 1 41
A 2 35 2 22
C 2 28 2 27
O 2 25 2 24
O 2 65 1 65
C 1 16 1 16
A 2 25 2 42
O 2 3 2 2
C 1 10 1 11
C 1 32 1 33
O 1 44 1 44
O 1 93 1 94
O 2 27 1 27
A 2 35 2 28
C 1 85 1 84
C 1 80 2 80
C 1 39 2 39
A 2 27 2 46
A 1 41 2 24
C 2 12 1 12
A 1 44 2 23
O 1 84 2 84
A 1 92 1 16
C 1 68 1 68
C 2 25 2 25
C 2 36 1 36
C 2 7 2 7
A 1 32 1 64
O 2 35 2 35
O 1 91 2 91
O 2 51 2 51
C 1 32 1 31
A 1 28 1 55
A 1 65 1 48
A 1 16 2 25
C 2 49 2 50
A 1 85 2 46
O 1 57 1 58
A 1 68 2 34
C 2 90 2 89
C 1 88 1 89
A 2 80 1 22
A 1 32 2 24
C 1 22 1 23
O 1 39 1 39
C 2 90 2 91
C 1 18 1 19
O 1 23 2 23
O 2 55 2 54
A 2 24 1 80
A 2 23 2 25
O 2 78 2 79
C 2 82 1 82
A 2 39 1 23
A 2 27 2 12
O 2 7 1 7
A 1 32 2 35
A 2 51 1 11
A 1 32 1 65
C 1 79 2 79
O 2 56 2 57
O 1 66 1 67
O 1 3 1 4
A 1 11 1 22
A 2 34 1 32
C 2 25 2 24
O 2 36 2 35
C 2 50 1 50
O 1 2 1 2
A 1 27 1 66
A 1 91 1 68
C 2 5 1 5
O 1 55 1 55
C 2 37 2 37
O 1 71 2 71
A 2 41 2 27
A 1 39 1 28
C 1 34 1 34
C 2 63 2 64
A 2 56 2 78
C 1 33 1 32
O 1 1 1 2
O 2 12 2 12
O 2 10 2 9
A 2 57 1 65
A 2 51 2 52
A 2 25 1 52
O 1 10 1 9
A 1 59 2 35
A 2 36 2 22
O 2 87 1 87
A 2 25 1 23
A 2 28 1 57
A 1 2 1 55
A 2 87 1 12
O 1 26 2 26
C 2 5 2 5
C 1 20 1 20
A 2 12 2 22
C 2 76 2 76
O 2 40 2 39
O 2 78 2 78
C 2 39 2 38
O 1 35 1 34
C 2 78 2 79
A 2 90 2 79
A 1 22 2 27
O 1 53 2 53
A 2 35 2 50
O 2 38 2 39
C 2 46 2 47
O 2 28 2 28
O 1 21 1 21
O 1 22 1 22
C 2 22 2 21
O 2 69 2 68
C 2 31 2 32
A 1 55 2 54
C 2 10 2 10
C 2 94 1 94
A 1 50 2 40
C 2 29 2 28
C 1 77 1 76
O 1 86 1 85
A 1 34 1 4
C 2 61 1 61
O 1 27 2 27
C 1 89 1 90
O 2 84 1 84
C 1 17 2 17
C 2 71 2 70
C 1 12 1 13
A 1 59 1 28
O 1 57 1 57
C 1 2 1 2
O 1 79 1 80
O 1 46 1 45
O 1 36 1 37
O 2 78 1 78
O 1 16 2 16
A 2 49 1 84
A 1 91 1 1
O 1 59 1 60
A 1 94 2 71
A 2 61 1 87
A 2 64 1 27
C 2 80 2 80
A 1 39 1 15
A 2 63 2 10
O 2 88 2 87
O 2 7 2 6
O 1 16 1 16
C 2 71 2 70
O 1 53 1 54
C 1 35 1 34
O 1 15 2 15
A 1 84 1 26
C 2 3 2 2
O 1 5 1 5
C 2 36 2 35
C 2 18 2 18
O 2 49 2 48
C 1 39 2 39
A 1 27 2 10
C 1 7 1 8
O 1 94 1 93
A 1 55 1 22
C 1 79 2 79
C 1 75 1 75
O 1 90 1 90
A 2 35 2 78
C 2 14 2 13
C 2 7 2 8
C 1 42 1 41
A 2 50 1 22
O 1 69 2 69
C 2 64 2 65
O 1 1 1 1
A 2 41 2 48
C 1 48 1 49
C 1 19 1 18
C 1 71 1 70
A 1 1 1 33
A 1 18 2 52
O 2 15 2 14
O 1 8 2 8
A 2 5 1 66
A 2 78 2 90
C 2 23 1 23
O 1 31 1 30
O 2 29 2 28
C 2 2 2 3
O 2 93 2 94
A 2 37 2 56
C 1 46 1 46
C 1 1 1 1
C 1 6 2 6
C 1 38 1 38
O 1 18 1 17
O 1 8 1 9
A 1 5 2 69
O 2 67 2 68
O 1 17 1 17
C 2 74 2 75
O 1 23 1 23
O 2 56 1 56
C 2 17 2 17
A 1 8 1 79
O 2 80 2 81
C 2 87 2 88
C 1 92 1 92
C 2 79 2 78
C 1 73 2 73
C 2 91 2 90
C 1 30 2 30
O 2 71 2 70
A 1 37 1 34
A 2 90 2 25
C 1 81 1 82
O 2 19 2 20
A 2 84 1 94
C 1 48 1 48
C 1 27 1 26
A 2 42 1 1
A 2 94 2 20
A 2 23 2 37
O 2 28 2 27
O 2 38 2 37
C 1 40 1 40
O 2 31 2 31
O 1 81 1 82
C 1 72 1 72
O 1 86 1 85
O 1 47 1 47
A 1 48 1 27
C 1 75 1 76
A 1 46 1 66
A 2 5 1 2
A 2 15 2 17
C 2 75 1 75
C 2 64 1 64
C 2 64 2 63
A 2 25 2 26
A 1 13 1 47
O 2 86 2 85
A 2 16 2 31
O 2 4 2 4
O 2 17 2 16
O 2 85 2 86
A 1 22 2 39
O 1 14 2 14
C 1 75 1 75
C 2 28 2 27
O 2 56 2 57
O 1 55 1 55
A 2 67 2 18
C 2 62 1 62
O 2 80 2 80
O 2 39 1 39
O 1 88 2 88
A 1 48 2 50
A 1 16 2 39
A 1 37 2 56
O 1 18 1 17
O 1 57 2 57
C 2 89 1 89
C 1 67 1 68
C 2 27 2 28
C 2 42 2 42
O 1 45 2 45
C 1 9 2 9
C 2 58 1 58
C 1 70 2 70
O 2 6 2 7
A 1 40 2 69
C 1 26 1 27
A 1 47 2 14
O 1 61 1 60
C 2 48 2 49
A 1 90 1 89
C 1 17 1 16
C 2 20 2 20
O 1 56 1 57
C 1 25 1 25
A 1 46 1 79
C 2 33 1 33
O 1 59 1 58
C 2 94 1 94
C 1 6 1 6
A 1 16 2 14
C 1 48 1 48
A 2 91 1 85
O 1 73 1 74
C 2 59 2 60
C 1 50 1 50
C 2 47 2 47
A 2 81 2 84
A 1 23 1 18
O 1 24 2 24
C 2 90 2 90
A 1 55 2 15
A 2 35 1 57
O 2 78 2 79
A 2 90 2 31
C 1 94 1 94
C 2 92 2 91
O 2 50 2 50
C 2 14 1 14
A 1 9 2 91
A 1 7 1 18
O 1 73 1 72
C 2 8 2 7
A 2 86 1 27
O 2 50 2 49
O 2 78 2 79
C 2 34 1 34
A 2 82 1 31
O 1 49 1 49
O 1 83 1 84
A 1 75 2 3
C 2 36 2 35
A 2 5 1 57
A 2 2 1 40
C 1 22 2 22
C 2 53 2 54
C 1 33 1 32
A 1 24 2 10
A 1 84 1 75
A 2 10 2 17
A 2 25 2 92
C 2 57 1 57
C 2 85 2 84
C 1 68 1 69
C 1 46 2 46
O 2 91 1 91
C 1 84 1 84
O 1 76 2 76
C 2 56 2 56
A 2 36 1 1
C 2 82 1 82
O 2 3 2 4
A 2 3 2 25
A 1 53 2 21
A 2 39 2 78
C 2 62 2 62
A 1 1 1 32
O 2 18 2 18
C 1 6 1 6
C 1 19 2 19
C 2 18 2 18
O 2 48 1 48
O 2 94 2 93
A 2 29 1 4
C 2 89 2 88
C 2 59 2 60
O 2 85 2 86
O 2 37 2 37
O 1 86 2 86
A 1 72 2 79
O 2 76 2 77
C 1 33 1 32
C 1 23 1 22
C 1 26 1 27
O 1 47 1 48
C 2 34 2 34
C 2 52 2 52
C 2 34 1 34
O 2 92 2 91
A 1 9 2 89
A 1 92 1 45
O 2 20 2 21
C 2 8 1 8
O 2 61 2 60
A 1 16 1 55
A 2 24 1 16
A 1 90 2 56
O 2 91 2 91
O 2 33 1 33
O 1 86 1 87
O 1 54 1 53
O 1 48 1 47
C 2 71 2 72
A 1 8 1 23
A 1 94 2 17
C 2 71 2 70
O 1 73 1 72
C 2 59 2 59
O 1 77 1 76
C 1 8 1 9
A 2 2 2 14
C 2 21 2 21
O 2 79 2 80
O 1 87 1 86
O 1 31 1 30
O 2 58 2 58
C 2 81 2 80
A 2 70 1 39
A 1 49 1 55
C 2 25 2 26
A 2 16 2 10
O 1 5 1 4
C 1 53 2 53
A 2 20 1 92
C 1 69 1 69
C 1 88 1 89
O 2 76 1 76
A 1 85 2 10
C 2 48 1 48
O 2 1 2 1
A 2 17 1 16
O 1 11 1 12
O 1 6 1 6
O 2 83 2 82
A 2 14 1 26
O 2 30 2 29
O 1 45 2 45
O 1 74 1 74
C 2 39 2 40
A 1 27 2 71
C 2 34 2 33
O 2 35 1 35
A 2 26 1 33
O 1 21 1 21
C 2 21 2 22
C 1 34 2 34
A 2 59 1 31
C 1 60 2 60
C 2 57 1 57
A 2 57 2 85
C 2 59 2 58
A 1 68 1 22
A 2 35 1 89
C 2 83 2 83
O 2 40 2 40
A 1 26 2 17
O 2 70 1 70
O 1 1 1 1
A 1 21 1 89
A 1 77 2 78
A 2 59 1 55
C 1 18 1 17
O 2 77 2 78
A 2 22 1 34
C 1 5 1 4
O 1 66 1 65
O 1 88 1 87
C 2 21 2 22
C 2 19 2 20
C 2 9 2 9
C 1 55 1 55
C 2 88 1 88
C 1 61 1 62
O 1 88 2 88
O 2 49 1 49
O 1 87 1 86
A 2 87 2 4
O 2 21 2 22
A 2 21 1 17
C 2 20 2 20
C 2 93 2 94
O 1 6 1 7
C 1 86 1 86
O 1 51 1 51
C 2 73 2 74
A 1 26 2 78
A 1 33 1 89
O 1 85 1 86
A 2 71 1 62
A 1 84 2 76
A 1 74 2 57
A 1 68 1 30
O 1 81 1 81
C 1 39 2 39
C 2 80 2 79
C 1 73 2 73
A 1 13 2 25
C 1 88 1 89
A 2 41 2 62
A 1 64 1 1
A 2 79 2 85
O 1 94 1 94
A 2 20 1 88
C 1 45 1 46
O 1 87 1 88
C 1 41 1 41
A 2 86 1 41
O 1 23 2 23
O 2 4 1 4
C 2 1 2 1
A 1 69 1 86
C 1 86 1 86
O 1 91 1 92
O 2 50 2 50
C 1 17 2 17
A 1 73 2 57
C 1 47 2 47
O 1 93 1 92
A 1 88 2 57
A 2 23 2 21
O 2 38 1 38
C 2 23 2 24
C 1 27 1 28
O 1 62 1 63
C 1 94 1 94
O 2 63 2 62
O 2 92 2 93
O 1 19 1 19
C 2 37 2 37
C 1 60 1 59
O 2 54 2 55
O 1 29 1 28
A 2 33 2 17
O 2 55 2 55
O 1 46 1 46
O 1 41 1 41
A 1 16 1 55
O 2 44 2 43
C 2 93 2 94
C 1 80 2 80
C 2 74 2 73
C 2 92 2 93
O 2 89 2 90
C 2 8 2 9
O 1 17 2 17
C 1 38 1 39
A 1 17 1 23
A 2 85 2 22
C 2 21 1 21
C 2 10 1 10
C 1 56 1 56
O 1 2 1 2
C 2 42 2 42
O 2 26 2 27
C 1 92 2 92
C 2 44 2 44
C 2 22 1 22
C 2 49 2 50
O 1 25 1 24
O 2 57 2 58
A 1 32 1 79
C 1 8 1 7
C 1 38 1 39
A 2 3 2 53
O 1 25 1 24
A 2 18 1 66
C 1 23 1 23
A 2 74 1 30
A 1 94 2 10
A 2 76 1 82
C 1 17 1 18
C 2 71 2 70
A 1 90 1 2
O 2 55 1 55
C 1 53 1 54
O 1 31 1 30
O 1 92 2 92
C 2 71 2 70
C 1 6 1 5
O 1 21 2 21
A 2 72 2 28
O 1 70 1 70
A 2 91 1 17
O 2 23 2 23
O 1 75 1 75
A 2 53 1 36
A 2 18 2 5
C 1 89 1 89
C 1 81 1 82
C 1 83 1 82
A 2 73 1 30
A 1 88 1 9
A 2 54 1 19
A 1 15 2 20
O 2 37 2 38
A 1 5 1 33
O 1 48 1 48
C 2 42 1 42
A 2 71 1 14
C 1 6 1 5
O 1 4 1 4
A 1 93 2 90
C 1 91 2 91
O 2 19 2 18
A 2 94 2 20
A 1 58 1 39
C 2 47 2 47
C 2 30 2 30
O 1 63 2 63
C 2 37 2 37
O 1 37 1 36
O 2 78 2 77
A 2 64 2 91
A 1 88 1 90
C 2 7 2 6
O 1 80 1 79
A 2 88 2 4
O 2 47 2 47
O 2 10 2 11
O 2 17 2 16
O 2 43 1 43
A 1 92 1 57
O 2 11 2 10
C 2 34 2 34
O 2 22 2 22
O 1 64 2 64
C 2 1 2 1
C 1 65 1 66
C 2 54 2 54
A 2 48 1 89
O 1 42 1 41
O 2 19 2 18
C 1 73 2 73
O 1 56 1 56
O 2 46 1 46
C 1 41 1 40
A 1 68 2 79
C 2 60 2 61
O 2 53 2 53
A 2 7 1 39
A 1 46 2 14
A 1 88 2 20
C 2 39 1 39
O 1 2 1 1
A 1 46 2 78
A 2 46 1 14
C 1 39 1 40
O 1 79 1 78
A 2 17 1 26
O 1 87 1 87
O 2 8 2 9
C 2 26 1 26
O 2 68 1 68
A 1 90 2 90
A 2 23 1 90
C 1 75 2 75
O 2 31 2 30
A 1 55 2 38
A 1 76 2 78
O 2 55 2 56
C 1 75 1 76
C 1 15 1 16
O 2 46 2 45
A 1 86 1 73
O 1 55 2 55
O 2 41 2 41
A 1 41 1 39
A 1 14 1 7
A 2 9 2 59
A 1 57 1 86
C 1 18 2 18
O 1 22 1 22
C 1 75 2 75
A 1 6 1 10
C 1 7 1 7
O 2 79 2 80
A 2 18 1 54
A 2 89 2 34
C 1 14 1 13
O 1 77 2 77
O 2 49 2 49
A 2 82 2 19
C 1 65 1 64
O 2 84 2 83
O 2 51 2 50
A 2 46 1 89
O 2 77 2 76
C 2 43 2 44
O 1 53 2 53
A 2 78 1 94
C 2 15 2 16
O 2 60 2 60
O 1 38 1 38
A 2 22 1 70
C 2 76 2 77
C 2 66 2 67
O 1 14 2 14
A 1 93 2 51
O 2 59 1 59
O 1 94 2 94
C 2 45 2 44
C 1 25 1 25
A 1 64 2 44
C 2 64 2 65
C 2 46 2 45
A 2 84 2 8
C 1 31 1 30
O 1 71 1 71
C 1 48 1 47
C 2 66 2 67
A 2 75 2 59
A 1 73 2 35
O 1 47 1 48
A 2 64 1 40
A 1 57 2 43
C 1 57 2 57
A 1 47 1 94
C 2 57 2 58
C 2 71 2 71
C 2 37 1 37
O 2 6 2 5
C 1 67 1 68
C 1 91 1 92
C 2 30 2 30
O 1 23 1 23
C 2 88 1 88
A 1 13 1 4
C 1 72 1 71
O 1 68 1 68
O 1 53 1 53
C 2 87 2 88
A 2 22 1 1
O 1 42 1 43
A 1 9 2 56
A 2 82 2 50
O 1 56 1 57
O 2 16 2 15
A 2 28 1 2
O 2 94 2 94
O 1 19 1 19
A 2 41 1 34
A 1 73 1 4
O 1 73 1 72
A 1 73 1 58
C 1 15 1 14
C 2 25 2 25
A 2 6 1 18
C 1 44 1 44
O 1 74 2 74
A 2 57 1 21
A 1 68 1 88
C 2 49 2 50
A 2 58 2 59
O 1 14 2 14
O 2 73 2 74
O 2 88 1 88
A 2 60 1 46
A 1 16 2 11
C 2 4 2 5
O 2 83 2 82
O 2 90 2 91
C 2 73 2 72
O 2 8 2 7
C 2 5 2 6
A 1 72 2 70
C 1 21 1 22
C 2 88 2 89
C 2 1 2 1
A 1 89 1 17
O 1 67 2 67
O 2 27 2 28
A 1 7 1 11
C 2 19 2 20
A 1 27 2 93
C 2 81 2 81
O 1 22 1 21
O 2 69 2 68
A 1 94 2 94
A 1 39 1 28
O 1 86 2 86
A 2 77 2 74
O 2 77 2 76
A 2 79 2 28
O 1 67 1 67
A 2 9 1 39
A 1 58 2 18
A 2 47 2 40
A 1 78 2 89
A 2 53 2 45
C 1 33 2 33
A 2 80 2 64
O 2 51 2 50
A 2 18 2 80
O 1 44 2 44
C 1 76 2 76
O 1 71 2 71
O 2 15 2 15
A 2 47 2 52
O 2 14 2 13
O 1 16 1 15
O 1 16 1 15
O 1 20 1 20
A 1 7 1 64
A 1 86 2 91
C 2 46 2 46
A 1 86 1 38
O 2 12 2 13
A 1 43 2 84
A 1 56 1 48
O 1 82 1 82
C 2 36 2 36
A 2 78 2 46
A 1 11 1 27
O 1 4 1 3
O 2 15 1 15
A 1 74 2 7
O 2 22 2 21
O 2 40 2 40
O 1 4 1 4
A 2 44 2 93
A 2 47 2 47
O 2 6 2 6
A 2 94 2 28
A 1 16 1 17
C 2 31 1 31
C 1 31 1 31
C 1 39 1 39
A 1 17 1 85
O 2 9 1 9
O 1 50 1 49
A 1 50 2 1
O 2 26 2 25
O 1 24 1 24
O 2 66 1 66
C 1 79 1 79
C 1 69 1 70
O 2 76 1 76
O 1 83 1 83
C 2 66 2 66
O 2 31 1 31
C 1 22 2 22
C 2 32 2 33
A 1 23 2 71
O 1 2 2 2
O 1 60 2 60
C 2 88 1 88
A 1 14 2 28
O 2 53 1 53
A 1 57 1 2
A 2 1 1 47
C 1 16 1 15
O 1 45 1 44
O 1 35 1 34
C 2 22 2 21
A 1 22 2 73
A 2 25 1 24
O 2 78 1 78
C 2 42 2 42
C 2 11 1 11
C 2 9 2 9
A 2 7 2 42
O 1 72 1 71
C 1 28 2 28
A 1 92 1 30
C 1 6 1 7
A 2 30 1 69
O 1 71 1 72
A 1 40 2 22
O 1 58 1 58
A 2 88 1 9
O 2 11 1 11
E
