100
41467335 500169725 478358963 464705146 281827962 491995943 827436392 604902154 292382422 716718896 447726772 538869913 667299036 894703812 322333674 664141712 253868548 644662758 37859724 741529779 316035191 842288107 40942265 648446806 890729371 350006102 393548630 623084955 756840967 376931309 944439627 323537539 118082930 541833116 639658705 930977307 673386022 745924073 270829778 573097513 986290162 636355768 655574032 52350151 941724967 430107192 7337458 287753384 945909210 758221589 422946507 30413169 900591763 655410360 624537549 483595042 602350292 836374021 596021349 199668485 281734054 999418939 900788128 467728894 648483808 421310618 813514310 616935452 600249520 556798304 224008845 609989703 195485094 343523588 314503449 200458619 580796799 281589799 9157473 622538293 38179191 657958192 815888157 511202635 272055329 646362887 875433870 142844417 881998323 651021700 557476893 389075713 600510004 869861689 401789256 423002586 182285089 426617758 832932170 154721190 
30 1
66 44
72 66
24 10
42 24
82 86
37 25
21 92
81 21
83 93
6 45
35 17
70 34
51 66
14 85
11 24
32 42
63 82
74 37
96 21
94 16
29 83
50 87
15 1
76 74
97 15
95 37
23 63
84 74
43 83
3 82
12 26
67 59
71 42
2 52
8 32
36 94
98 66
77 100
99 89
58 84
9 31
56 14
27 28
91 29
48 47
13 67
33 22
55 84
61 46
4 53
45 20
40 81
90 80
87 6
53 79
80 75
10 38
88 72
34 30
41 4
44 30
47 2
20 83
54 49
22 64
85 69
60 90
52 72
57 78
28 14
92 37
73 15
38 61
78 74
64 81
26 41
89 29
93 40
49 88
7 62
86 39
100 36
25 18
75 43
59 60
5 54
46 5
16 81
69 72
68 42
39 19
18 82
62 73
19 68
17 15
65 29
31 57
79 65
