881
867341 812369 62203 279340 670879 
90768 706183 475085 299110 989914 
982105 429595 976591 974194 825582 
690751 409665 506742 728859 423538 
670753 873875 239906 977505 527448 
468404 951835 302442 752143 497348 
978243 556446 441446 36485 215631 
654139 203282 983009 92207 745299 
691208 410373 994421 936442 498899 
882516 477760 603538 12653 525904 
323222 251436 506209 97673 359280 
637 365826 520903 108301 4551 
594015 357383 250653 125807 135271 
631619 685149 687609 337852 912683 
307068 827146 742669 418806 68413 
786329 824742 144414 423702 48161 
189944 671759 651393 129496 895798 
484211 564748 524228 647674 473464 
276785 209893 972506 63394 388745 
403105 429645 723726 424192 98201 
477890 313815 574997 133087 759946 
426990 518460 444020 190779 148717 
470313 182732 268019 833732 384731 
101120 317002 670769 656923 6909 
105058 135166 136152 291982 922651 
114101 416606 675340 810289 861523 
249764 711552 822717 383025 708554 
636324 783329 573122 360208 581700 
987206 132383 995239 583733 436690 
944828 228469 690819 446564 353021 
474077 386196 800487 459193 195500 
327755 396263 312540 234645 473124 
439971 950828 380364 43888 666124 
110934 199975 691056 585317 105247 
100235 786439 799194 639492 223756 
68875 756975 244330 465068 613468 
721273 629897 709134 16582 134544 
759133 772413 564639 297815 78692 
980382 455978 513464 787590 498144 
198196 261611 575695 872440 222873 
806510 641308 275861 980429 810507 
839362 233304 409393 914586 266889 
674836 700597 965481 126167 282608 
107043 849083 980329 481329 637238 
339331 62050 249923 865264 539676 
987148 954690 125437 900578 840252 
808222 704905 363541 203264 418565 
663656 330200 196117 762524 659920 
560577 749853 302256 700228 772358 
819918 54861 83839 907025 276465 
989718 859707 467551 452850 988561 
534548 539027 437693 974377 830147 
171139 263478 513915 447230 88984 
759427 910469 780656 850628 678376 
11540 724520 125114 79091 852507 
335394 210322 438538 882854 594873 
349832 571978 880866 35453 245105 
576942 699091 671543 251293 202019 
133261 683917 900525 230334 770531 
113529 850218 316975 140045 849886 
454574 130461 635725 877103 763294 
339215 992575 446955 406404 35304 
244807 886918 816090 859450 741794 
340507 687691 230485 544689 690518 
669010 85343 15373 882979 327269 
990136 548844 219027 189334 699218 
102541 219277 575797 206690 355334 
821677 347712 240572 822693 964501 
356550 920999 969820 452102 246598 
756149 127518 494257 967151 996882 
854679 190096 904713 303460 694683 
259612 240327 467053 742757 984771 
857617 574381 887076 403498 31548 
313066 205951 123369 795428 59459 
611488 690082 889978 990128 769335 
789942 675916 70607 376286 276801 
522326 722657 799964 709135 331969 
797823 998311 562664 430165 167357 
503730 727058 693207 848200 240583 
521529 18884 276615 338317 854390 
215081 362219 567861 711794 166492 
543984 621739 947349 328701 718500 
180257 493871 536786 348944 956810 
323448 408106 749366 925591 904497 
358111 557942 51054 65676 957021 
458048 337638 589718 927197 536627 
437082 27603 635830 765449 527457 
995359 696089 921690 863363 834937 
31709 837351 606378 798422 963745 
859341 51970 618860 961659 333780 
686710 416320 907271 485351 824439 
239354 787167 603662 186595 188318 
975775 860944 10371 49219 936442 
410826 524114 615508 750777 247619 
63377 426006 306370 810312 793156 
86086 544601 658040 724638 652288 
672958 259985 534955 873907 522848 
996338 164028 94604 203629 462569 
953159 780750 390213 984783 694070 
800126 53106 517562 304888 191581 
636321 923117 495160 778371 806899 
106314 520292 623575 437376 127280 
306907 169289 938869 206557 722212 
840627 128751 984005 233018 764351 
639095 295548 522795 745655 239954 
586496 831503 991420 70855 863384 
212231 296314 923855 775615 152065 
20648 120284 335057 365845 705717 
516394 579473 913057 290204 821855 
662785 822127 914557 697232 12405 
933506 245045 967844 883859 47937 
482313 373925 60416 861919 452209 
228536 388608 810179 587814 558867 
38248 163533 267269 901630 380378 
641169 828392 603738 41289 69109 
607382 308366 529712 630748 295138 
739703 239821 627469 136415 623973 
774363 599937 301561 642494 856317 
554100 249649 140283 803953 370747 
174938 282151 895828 48129 562246 
444842 433913 539703 714493 296749 
103399 408701 588541 654445 151497 
62949 319236 903694 249597 90173 
243377 704680 6728 146192 304747 
272350 837750 528697 162714 799022 
76310 767 839979 932292 297315 
233026 856733 799070 348435 995012 
917272 864919 438309 981109 424927 
386996 816776 586027 925797 454135 
67902 569449 526315 760638 601382 
148081 574249 367224 342140 885229 
48003 618816 329 742909 752690 
98259 121556 819715 84082 499266 
535602 297803 728103 624324 759799 
504681 720206 208893 104674 393836 
567003 521423 902777 628018 262176 
35165 587955 300651 679941 98169 
968338 301061 924134 463821 84273 
356934 414297 992212 555397 832002 
945014 457030 320380 754533 945307 
464412 12338 211994 578398 978157 
711452 783729 282890 843369 940489 
230333 942809 398719 241311 459392 
149338 919368 532756 898357 715823 
327486 779394 445197 439631 894440 
714194 880431 182177 992399 732667 
692508 833140 583038 270731 219912 
449058 666970 432385 692475 858712 
702012 591715 197515 610232 102339 
987554 253058 380780 147843 42820 
336361 20078 65391 959090 103478 
577358 995202 22529 712652 444759 
346079 508246 236622 283744 917318 
644807 708809 215724 483710 455783 
240471 310076 727358 975533 89659 
638763 574786 634880 579225 89677 
113240 110287 251305 578402 179727 
446770 563129 424814 922705 805853 
992705 340998 856997 318102 425436 
772379 391939 319840 143195 966635 
53485 95351 529100 236139 137868 
884855 538469 941595 517547 405252 
832829 513356 4224 996344 914795 
349471 223028 851460 301618 820244 
303461 274466 367178 957972 738638 
109207 246349 341171 903052 591951 
906337 158933 759895 266381 185627 
240945 693913 538743 321373 949276 
397682 954414 375232 300398 934963 
303533 739629 823205 579876 960865 
791370 455437 469717 2469 641344 
56882 567940 987459 371522 806090 
66608 882793 467010 51669 684958 
754900 567550 965039 339685 82844 
122958 739970 816040 957498 671962 
736716 254315 512998 794038 26975 
177497 412574 920154 716317 203404 
851998 712533 468626 685560 324394 
68926 608813 707957 358301 790328 
293565 883849 671254 918490 468293 
207745 508410 133131 962272 977802 
193129 134279 762100 420832 374100 
908873 75600 80559 583267 556558 
910206 93625 653790 631254 324754 
873808 626349 360198 383641 743111 
395820 983707 221284 968509 684145 
569137 551799 533044 203892 533589 
730832 249954 976498 66564 43127 
883710 405750 834913 730623 386716 
923532 245942 41422 845317 665192 
984762 645699 855200 411432 34207 
294516 640966 459145 532797 745416 
13344 596363 370163 337551 933282 
571691 353266 695875 961385 967357 
573168 82689 960486 781429 639822 
298858 476445 777190 99794 775591 
294716 673120 279405 538441 833482 
292653 496834 614979 59243 77316 
687818 165105 110418 856632 668911 
372880 27017 929567 491204 738311 
794013 827498 741664 281279 116066 
36773 772300 21165 169592 92222 
123086 325042 276076 648093 821120 
157217 14099 565377 963383 136920 
459782 372251 919679 637476 252771 
258591 941936 350516 534032 514916 
241818 427526 833212 165316 293088 
340866 437480 650992 657533 916047 
849511 922591 254409 571184 791490 
912996 742358 544975 905979 895535 
667303 610673 36752 737191 454913 
410715 451548 597707 213653 721235 
287917 237642 475901 184626 223858 
249432 373301 288247 11686 608870 
654818 129818 858720 954083 147804 
420407 892635 443710 814477 762698 
225603 687819 846670 50970 329691 
330512 41256 871589 525843 336551 
11738 623849 187974 700683 614624 
196164 703429 586128 778975 614518 
991484 25016 222595 721810 119698 
895761 45618 615605 780471 313053 
723241 320867 110546 619151 285825 
523259 323905 929986 437821 589938 
420496 391883 307355 212107 617750 
804515 996799 329374 695046 418637 
440161 681517 864783 256140 481012 
779180 703966 762963 295199 328083 
813173 960737 408415 738988 945658 
135705 83829 89530 275663 729755 
48657 236973 623543 643046 340593 
768809 39157 200100 271029 295496 
112503 304138 22408 197336 93139 
234901 160298 851479 648869 503263 
160666 278128 776822 333761 370895 
147291 48426 939808 847045 527170 
572789 707017 479861 903407 420669 
200106 741921 890421 817140 263733 
695347 816304 472335 464119 992101 
389616 887278 555445 658766 61039 
390941 109160 558879 747125 865884 
578505 488210 708343 73767 547238 
128451 189844 611442 937935 387332 
140678 730837 691777 543975 572258 
986741 651693 33829 920048 142711 
885259 109600 909584 863887 12178 
252659 707254 734959 307367 453024 
726195 93750 838366 552563 85973 
369876 833174 225322 617725 446119 
79448 120927 721121 518076 571866 
580716 953240 146989 857898 460709 
399378 183052 496407 212550 649180 
792696 654300 964722 214930 252996 
276197 91346 39118 917571 226401 
977548 693939 197193 168659 685971 
752973 236921 163650 811227 185770 
47279 512327 379451 499051 928863 
972312 572124 426009 141142 870616 
59035 53168 193688 383412 682177 
984821 276006 41075 90223 427806 
798249 395841 860574 313807 967085 
979565 665628 802080 346341 474209 
844269 832559 751427 646802 379612 
524033 260907 403006 869428 329120 
65032 956990 938155 126853 404905 
931308 742177 46856 262628 719055 
972761 604061 387789 386077 791887 
736851 429368 31255 568956 854581 
784453 157220 686257 530733 571621 
979978 426224 288581 931424 904690 
440372 198575 572256 509514 326253 
368652 476608 173599 975823 936718 
745482 884951 107066 665402 361809 
492101 501047 531595 823131 841550 
516784 472963 922275 524954 105208 
759622 842308 724003 361354 526808 
559001 817284 462473 157 201556 
330791 687835 224984 175738 182679 
955557 396725 22538 915233 310575 
793195 635405 206872 299664 169221 
671935 28815 533582 652239 959587 
793693 408401 827294 190602 434079 
118211 368641 557928 952576 300377 
283436 586215 753696 512617 372220 
284118 299099 978612 445086 102846 
768727 590314 279411 111615 416454 
210550 715271 692504 832833 247143 
965658 129101 718404 529853 51176 
696740 314904 602786 812707 438393 
565025 794061 101247 994669 143634 
953029 124455 865688 388863 109673 
290542 909479 105241 701583 661511 
820739 738594 213258 358681 98429 
20820 646534 935491 339119 323413 
417021 909946 409715 275299 731693 
865491 849296 651364 739503 259932 
646755 97323 668132 541375 550454 
815479 265322 686541 134541 725169 
667356 136213 845824 79510 553309 
993598 639392 190087 357283 773694 
890665 836741 700311 235114 854733 
593999 976675 436176 911257 965541 
864372 940481 594503 201411 27525 
189418 110829 366965 980290 57785 
386873 392081 350270 506788 121917 
327584 78653 310253 613947 275948 
589919 715010 938075 700809 837606 
965580 175766 340309 657538 126711 
498179 624951 969489 939356 557251 
7513 780136 297502 171247 867450 
748685 952356 519636 172297 832138 
792118 242452 164471 45851 731682 
392995 512946 77869 77375 953164 
116919 174899 713804 886783 598733 
754591 963634 756786 575270 976727 
442088 866936 175591 633314 261857 
170734 98532 628737 923948 211090 
539417 767353 39820 337822 895284 
621197 903252 389021 766126 990621 
535231 460374 440734 367711 58242 
500501 161246 502215 525331 71251 
4050 699929 8120 537248 119597 
562985 171415 572287 608840 490045 
142830 695760 553177 139451 294308 
334965 857210 900564 137441 107681 
945070 487419 10896 67621 70898 
664144 276010 322328 614255 25494 
114202 111635 785154 749572 303955 
673764 483947 975277 572365 304545 
251134 311933 429640 432702 495374 
777055 764198 703 173937 804047 
504744 494946 997907 757480 665891 
230981 254759 392979 438938 261575 
344534 537236 872414 815026 532065 
825150 822776 612740 961534 180463 
843016 278103 462624 21307 618465 
88987 962448 602716 108549 738911 
645253 738488 729619 449939 154705 
713785 115947 746727 190407 537278 
262771 177115 789683 142385 54385 
180347 455433 752564 698100 438444 
555307 953694 886862 513362 734516 
465699 233071 426711 369060 228834 
91394 400440 373917 525868 282093 
960348 665127 755664 522819 83549 
552273 531675 391230 321423 356027 
744462 59826 944842 528794 923817 
135325 735725 558575 95296 405616 
861380 826835 922050 863242 612382 
324515 8234 861321 658899 182003 
689541 850103 154812 901088 525866 
649695 858677 401709 303532 845079 
966454 902693 202521 186793 972926 
678367 377754 518272 19908 7208 
650753 658564 567668 986374 949767 
744488 290766 581479 220594 772218 
131603 751437 387185 617784 702628 
849311 98373 721340 555473 229520 
491296 955809 729853 709452 998548 
466687 378317 402981 437345 19387 
237052 459436 117934 8934 150818 
408699 786086 139109 138332 887814 
984834 859821 185127 246374 433547 
117356 53222 494592 611882 890849 
509162 163020 152471 986252 927501 
366226 905620 737941 390710 544851 
491988 40504 225959 708720 417896 
948388 985401 571532 490921 243755 
95335 66138 606864 368110 589713 
517164 23184 196817 388210 228094 
809885 77584 185598 52799 42099 
716463 881172 77383 923382 81556 
30898 332826 677949 650915 229645 
934949 416509 571282 344684 781628 
6691 679234 155465 692293 381572 
33778 712993 513936 539029 207858 
764265 669096 656874 651326 313645 
198529 282157 634010 932111 15699 
299282 605861 232407 533830 835031 
586543 963887 884129 208334 842456 
431460 11928 183534 491404 694977 
626756 536836 995067 488418 900800 
961931 300327 175619 583862 504458 
119349 279358 962444 82184 822849 
961638 677204 856737 216196 26036 
715456 107322 981703 539786 492786 
511698 694928 944998 788203 242231 
339328 206626 584085 522904 337892 
929812 46390 677558 595408 221891 
382489 556916 165037 763801 890176 
178346 10463 221395 680039 993194 
862573 625952 740854 646280 301282 
76275 783072 522991 885780 141404 
182729 254353 694165 765717 37729 
830778 901361 983853 611880 213899 
646197 176516 938616 565932 786646 
136958 475941 559273 394877 138401 
647135 886823 187989 100569 809083 
515346 573088 652627 928365 669077 
140743 233845 932331 681626 110640 
962801 91297 273659 431755 25006 
238114 4841 304754 698270 878638 
29322 252206 45613 911280 787002 
298020 941446 877431 112522 501307 
405860 580777 300270 604003 667095 
514409 833496 738958 167715 547877 
231231 311029 478409 245261 152565 
205428 244788 157532 206522 606299 
356625 870359 701757 484647 228612 
646912 229506 134064 986158 25840 
160583 218836 798232 67548 402498 
879022 266437 612683 339047 771031 
914050 117999 566008 826053 156969 
251374 830353 778684 536397 390954 
859014 168127 22752 178313 195808 
649698 770384 371915 242715 595403 
461283 84652 428707 834702 399225 
585787 282195 787759 470975 174717 
910759 20864 55172 31087 218659 
635432 899263 950678 943692 174450 
572695 348804 855641 51283 60636 
53890 756976 364720 368438 212081 
849628 709616 853160 806867 84697 
248248 270696 955948 172503 369014 
794649 796302 698583 358480 24798 
138602 767712 736397 151459 89718 
634748 366520 122412 975348 293600 
238811 5045 599040 756275 381843 
738150 145493 360710 41590 693563 
453499 480609 106794 393925 132141 
785983 77118 45265 891440 983476 
537466 129226 116912 618332 968377 
852951 612489 358718 480239 994181 
884681 336393 65542 917691 60152 
388616 815705 399893 885426 992627 
570752 359362 320904 936646 458890 
173148 788515 77356 103592 243523 
776991 193172 910869 394231 648881 
282309 978344 3766 855895 325580 
202074 194112 201579 665264 148097 
396176 350581 527453 66398 638371 
256657 474807 179279 957237 506803 
82478 371458 879847 811626 650090 
70609 772560 711164 367575 966540 
564868 739313 732984 164683 836669 
523621 682803 184200 303178 819236 
980764 813796 355510 170557 215284 
301708 253461 242928 742465 64365 
756235 697748 690136 662537 942287 
96850 13483 129334 79172 715748 
604913 861400 318646 423734 633378 
526590 994286 562020 599514 569693 
242194 957018 561851 920798 736823 
992456 247553 208997 666942 142130 
838092 543388 128240 890736 52314 
470814 134902 516785 304380 250515 
230703 916978 728310 661030 321647 
290175 613057 889084 923366 239654 
417090 355177 570308 444427 984959 
982202 802598 327724 805254 735457 
167219 421342 343461 392799 532687 
425261 26505 263551 306103 686450 
564154 710250 996463 436854 710690 
202458 218096 614487 112856 372028 
379654 969903 496415 164594 578501 
533132 141531 292278 42733 932506 
652570 854698 321468 794057 686192 
671738 734970 812830 522611 790757 
753508 883817 418978 366345 737220 
399315 256482 388195 791276 992871 
986427 108952 939912 991140 401827 
311158 496930 702230 49599 507138 
470880 88493 566398 3467 628662 
681150 343291 424313 357865 627661 
773912 482798 41173 415006 707382 
371526 176000 17318 850876 611835 
684371 975817 756870 596710 901311 
546613 134787 578338 181868 154076 
539026 70988 722523 92628 328416 
989837 46254 18185 587553 301617 
44433 788153 848689 279365 601942 
133845 728740 381524 119264 573605 
251202 359616 535316 583446 681449 
447143 346546 883836 692989 236539 
17963 57569 798365 679248 347065 
445002 131600 329019 624208 577581 
756602 692342 200743 314231 257938 
850527 531667 775782 426024 909954 
188454 273435 668611 853753 626814 
829073 405115 417350 828403 299149 
241777 560045 842036 93738 597626 
780493 688449 451360 815807 838850 
33354 799903 948304 138890 353246 
974976 379209 222020 512983 528047 
570928 928940 699280 412666 873256 
207870 123244 111195 913370 338841 
993252 891091 599502 508170 400779 
929705 718125 637406 445207 467363 
448982 516944 397437 41887 340663 
352157 42526 556686 89867 903637 
269322 5862 124494 868311 435838 
379219 895836 826098 613080 772554 
265473 852131 127435 58149 934202 
732980 846945 302345 229735 338084 
473917 158270 200212 731899 454362 
931838 987700 634317 772805 597720 
891714 956396 880433 153242 999015 
118581 642067 566985 245545 317455 
972998 30610 552295 195814 298953 
951800 270907 529466 4366 594569 
111481 996383 749339 397938 278605 
967836 436260 239167 492782 176826 
832125 779762 723565 379505 895241 
922573 345209 418196 795491 454312 
164998 183139 753428 314364 439880 
409753 332908 161153 168075 875055 
69595 779956 947191 380434 657672 
224302 615600 222927 526127 746132 
352679 763515 909122 420856 285608 
114242 303100 136200 987422 326348 
230660 516757 538275 387599 274554 
304640 896639 158828 868708 232952 
124850 330878 755501 290471 741206 
942138 153512 635616 643654 607496 
919518 109496 722561 486696 335785 
89006 205346 910312 440714 917527 
135371 933109 694923 62133 388221 
141132 307326 821344 550935 390559 
372672 8188 823980 591415 135887 
363224 151749 401542 393357 510631 
286956 807333 807180 387362 330028 
365021 818193 263779 707071 46108 
827135 59666 769181 284418 646722 
526412 902482 517353 175807 771943 
960234 975146 214977 821280 949243 
317684 203812 35252 118032 175975 
628079 646815 122523 969625 385921 
985282 615374 944500 335886 854111 
7327 971642 43520 848773 634016 
70562 981184 837605 848438 789916 
795467 788796 456721 44763 433674 
207293 426552 417018 159552 94383 
774830 179538 519810 214600 398862 
138966 670081 389716 725773 687106 
109771 346110 27639 775993 43417 
11675 336597 527407 302790 352186 
684830 904662 748631 735830 36138 
729035 722724 724863 221732 6185 
310858 176902 407267 819297 573839 
343406 635900 167102 997247 988110 
337226 334864 483130 782587 424808 
466646 789211 573858 405109 597684 
560572 866988 902274 82776 224003 
434636 538064 951494 458158 354841 
250955 773564 8030 594183 757821 
379174 767347 184523 887510 459134 
967856 429445 163904 819057 528251 
397254 393039 180484 376481 661767 
997649 969594 886056 464099 88613 
598394 691964 444764 805359 255594 
147095 409405 218229 655591 286367 
919325 878507 281586 92726 711876 
779843 94269 891569 77215 222417 
654853 481762 70517 338289 306182 
925006 326607 341376 278588 120088 
459328 908682 71598 91231 377652 
93878 174375 818009 525384 930232 
752684 58842 626598 440881 324381 
936614 737977 502955 718590 215683 
438406 397186 793611 314151 639468 
549403 178647 15211 551270 177522 
515588 911544 425043 475999 637932 
277799 662067 760697 28572 247541 
236224 191718 293920 155357 817159 
391587 791283 993905 934607 683671 
197208 619863 469005 570496 159052 
121911 558736 727983 467646 425384 
620487 998377 865653 101322 12397 
395763 723203 287928 267795 56025 
911083 871743 889051 236287 674998 
362229 777735 895825 376148 933265 
728315 997553 262730 802618 135519 
582982 117408 386756 846229 47835 
903465 607606 467407 677602 913225 
80273 771146 141740 91529 223024 
89485 476420 259251 301346 555210 
49682 293821 288223 723986 781427 
848058 136112 92804 977000 149138 
540064 781997 466604 119479 706888 
257869 719979 723397 483189 68585 
982156 607608 397438 199979 297537 
299245 50923 147883 867523 858211 
483198 723970 77615 257506 267423 
964541 893811 186966 516430 849960 
44172 257847 81364 746547 768126 
552356 994524 365558 120210 97335 
430221 366949 780100 97684 310520 
706643 366848 635108 60199 573088 
211585 95860 73672 52355 100193 
43613 634416 557508 539720 54955 
851158 794699 333200 594841 571959 
589628 413620 317010 350297 848157 
408980 171040 712005 845394 915456 
472607 243559 652081 535417 632475 
429552 187146 695290 363874 476568 
801253 71353 149662 651508 25192 
852151 17984 805736 296501 463108 
112197 752090 678640 309197 799281 
654393 261930 242651 515383 776951 
281343 281588 537070 700941 553309 
614658 654859 498549 28431 588511 
80743 721077 587089 112644 18774 
990821 947949 523927 406625 656259 
985775 556199 321230 172931 38167 
218715 190741 12195 199441 671066 
708580 727780 533476 128327 454904 
764574 269941 683982 253681 83200 
675492 469036 525966 298782 862154 
761766 40400 466716 785360 454111 
30442 615799 712730 49143 714893 
277679 858128 988506 120104 631330 
5019 719715 94516 822200 992563 
417222 619023 789773 188949 447420 
713342 453266 545550 20060 241016 
646984 915960 195469 256794 432610 
858309 620697 838242 253793 778977 
974807 570616 599207 822891 78532 
533882 791426 548782 352369 395280 
274105 686681 490946 924631 356476 
993942 921697 843245 989816 104807 
958413 724192 111044 54834 16880 
409050 224149 420768 384401 790341 
338034 791809 771431 351802 18134 
495219 65816 319338 140627 593451 
506915 670654 777830 886263 767502 
844944 415209 762362 364696 421122 
487856 210075 417086 246645 425538 
142114 191864 697278 108007 236868 
940115 76786 861685 461787 785238 
544942 270041 583079 219072 162652 
564562 746223 40358 681139 454423 
325814 412070 528162 616560 669843 
65099 911108 478702 329578 270778 
852546 661121 666 362223 446681 
343787 75175 573477 280424 604119 
377928 814687 410230 819431 754184 
947039 214224 750684 644388 528909 
998761 843691 406055 741974 599997 
757643 433027 309171 471524 900563 
396845 500302 730204 402844 114311 
830408 291569 336400 781975 395607 
639347 591744 587154 573348 672726 
608877 213863 478169 369823 43238 
488316 313292 350036 995641 57400 
70225 276098 51761 326218 196102 
15488 51315 298933 371916 410821 
897078 237397 676117 95168 360974 
377126 641850 706611 982894 214238 
211999 713574 122955 633859 180499 
578892 493393 231701 74446 189403 
962130 813623 606141 550090 387066 
85888 332983 932566 71720 22676 
518700 988141 774365 59437 687595 
751532 862540 111501 615947 594439 
398226 159701 272451 440418 55752 
941761 200855 14380 178472 365800 
867325 553648 106689 402673 947646 
981797 13490 908223 594163 465879 
930032 960256 579807 359963 183132 
262928 822580 558117 425108 193209 
321544 239145 632115 189947 552123 
663475 362674 520122 670692 271786 
191970 718369 234546 816497 176426 
551168 914618 177657 536417 420894 
69931 858313 174466 616714 189846 
999826 957671 613757 91008 469825 
890272 399076 464679 412411 308866 
905794 385378 661336 771736 980935 
821365 386228 479773 550573 62681 
741543 831760 258554 926304 654428 
46119 985364 801892 291925 844966 
818023 923296 711372 191230 975843 
448734 756790 688497 77755 207876 
900929 127463 359365 384357 829188 
567185 233147 376421 255556 356953 
605377 556172 964081 56614 957063 
998257 603768 563673 910954 584901 
462486 522870 807758 433355 188045 
317295 930285 757322 393967 663513 
353809 964038 655716 759239 924328 
732092 269656 618453 809868 645438 
539866 518114 901584 532715 461404 
540937 597147 720426 324199 742721 
524429 502408 956366 901143 252776 
556381 181682 446917 538473 977210 
700884 664532 258997 343710 697605 
838126 979130 534924 670998 930935 
273620 760179 744237 107247 342238 
264401 613652 852494 685875 511675 
57680 495509 22277 397782 673670 
494036 74857 647971 589024 957116 
218951 552590 966772 289893 364666 
505682 971346 966012 860152 585360 
418842 854253 90969 458458 117212 
818497 334551 955572 388806 877264 
797790 860999 827155 425795 282119 
619829 676599 76279 32442 53476 
442037 304664 898021 834087 635233 
452388 446549 912955 139543 757621 
947875 936577 453931 414111 121939 
272129 655443 414172 243629 837585 
968350 483040 305265 303604 318632 
508522 84914 103480 997532 68972 
514383 967203 27641 733442 998609 
247723 597373 880968 33514 559192 
946884 527332 524788 957635 653665 
571506 564380 855105 299684 275326 
361805 815805 828189 954939 645445 
991903 68096 518665 738156 731929 
838709 325931 754681 16017 693425 
898956 701909 746050 994033 131402 
305809 684090 198037 904835 864178 
117217 614590 299852 446052 493902 
547362 146545 68238 865256 230521 
874384 824835 270171 690877 533166 
226074 998636 269 502560 240815 
961807 175309 412071 551735 919090 
611524 815859 201926 747980 781441 
292239 876819 299147 892179 817150 
897369 384740 108297 207361 344535 
585479 245300 463459 450195 882683 
697653 58163 470204 537376 910804 
715077 175170 936507 250793 497638 
491237 291318 283882 403670 239690 
707282 357208 662574 375238 322411 
341907 659657 524241 387337 401536 
348028 532556 825076 988164 60591 
628622 38859 210465 519459 310378 
602079 514963 817222 84250 101874 
983214 487948 783060 277609 732956 
662474 746626 104446 166620 750793 
105031 746904 973590 745947 706202 
991716 388005 796368 400540 703772 
219428 976564 99568 121919 733372 
702756 75741 539366 529809 280732 
461443 98823 681834 297725 886918 
96766 288052 366696 310479 343107 
824809 372942 753337 525673 120219 
169185 194636 681502 935928 869438 
345891 507449 462503 825046 756740 
751684 772744 176596 794064 362175 
250044 853412 777835 959160 211600 
971773 613039 420426 931469 930273 
145262 292456 525562 661177 908621 
97866 378815 844660 564732 587580 
787696 667016 357753 729444 912324 
164900 707057 647426 615046 11914 
695478 480839 566046 774437 434726 
190085 867117 920972 876120 12748 
143044 453625 886910 184902 982453 
935653 322554 471668 589185 36164 
502029 110256 707335 391835 972951 
517162 261232 156595 217867 498040 
828438 160357 807607 635567 731184 
519611 406419 910093 196828 411420 
644562 385729 995316 953860 369677 
154016 182332 423732 696227 20535 
84003 689844 242558 496634 308145 
690360 645525 280180 947178 908862 
787317 728368 244811 332909 365244 
324981 438580 304647 854599 89457 
347332 577431 266665 640530 290482 
133165 661963 216510 892434 316013 
497578 273257 99603 784975 928580 
859944 375499 926311 78454 552359 
549567 248231 229398 657845 94804 
750866 180466 440810 326935 134478 
32506 356765 146904 292483 463768 
989261 880505 929570 13957 895536 
728985 698608 459693 421053 203261 
729273 369821 366965 633140 643639 
444411 883803 8981 885734 641515 
333042 327789 297124 527511 632275 
890205 883876 826463 111242 274572 
552507 438219 760970 824819 382770 
548451 880573 276957 411362 478954 
731751 452967 473988 823275 405614 
271056 399887 904447 553569 699877 
821690 727193 287703 826104 66214 
606715 680331 990535 390210 692242 
204683 716630 847130 44785 774563 
340277 244719 834288 904892 258701 
33503 411924 800430 301825 594355 
16157 258266 57023 289749 515054 
546528 580687 849919 336057 844099 
613656 882790 480669 405404 141678 
401194 998502 764234 205486 266810 
63336 866296 325219 165590 647342 
358075 30949 373926 238390 993378 
899278 831286 439317 489643 128516 
902412 914300 817875 323440 953741 
113315 160805 900296 464285 417779 
898091 46062 733657 686478 284313 
948638 718244 545848 109676 714084 
259802 989013 134060 178861 492046 
783651 814649 904012 477878 770800 
1467 533263 557003 191399 585514 
786329 952048 391920 127136 320475 
772889 957243 652967 642568 153247 
492926 705582 222602 719773 370380 
792067 966352 40421 645141 340251 
427850 176898 516185 635105 632639 
757943 697542 730715 681503 442024 
68269 927650 771758 392940 320647 
87008 469289 114326 394802 599271 
282351 902458 453869 136223 617904 
948556 221331 70457 22045 558536 
843110 492637 399157 247560 401780 
341158 787290 981318 548189 746677 
185819 806649 178651 122442 772319 
744555 899181 146618 857855 78392 
968771 873824 809582 328195 996708 
631681 432621 560663 468488 479791 
218600 919353 105182 511548 877192 
160853 793034 378087 244110 839998 
949974 474224 578543 250257 71767 
83590 888714 459585 851442 48609 
226496 711126 899236 498513 821670 
80481 769323 125440 398484 74393 
628378 485594 109033 732984 145332 
154856 182420 857603 825801 898382 
301006 58780 377482 868886 969893 
677119 568657 674471 927401 274796 
629564 530846 155952 739712 522585 
953413 826959 793987 483731 246701 
904766 656602 943179 356338 310699 
32257 267785 59636 831018 774998 
981692 168572 834361 301183 521284 
837496 269733 754620 369730 40592 
700156 9739 763207 687421 17823 
828647 182784 585273 684701 641543 
141451 260954 772868 412317 485764 
385166 673313 892852 724651 640474 
276550 763339 419727 502608 536663 
775437 7496 948668 821238 503550 
418551 301229 732877 603489 587578 
143306 289034 213178 976512 284635 
461327 17263 663042 181706 749627 
247868 445118 641347 49896 101973 
529992 683858 884065 653088 581876 
405755 927515 529284 121815 276311 
157696 21901 573728 221823 296073 
233550 114604 59705 504837 344669 
217234 182636 733283 34982 634031 
884696 7618 351591 865953 141298 
311043 419592 787802 534060 295407 
70754 626394 291035 842361 491840 
537735 345056 471803 235623 34928 
728077 865539 518265 873217 956184 
881679 74112 719274 921231 42796 
743908 788251 611766 545340 658346 
644311 712067 688329 890125 659179 
571802 735550 350206 760209 893500 
24516 935263 817018 932603 24719 
378020 460319 472651 681062 102877 
676397 451230 759150 293309 576562 
495250 896551 237646 430709 475550 
337634 498767 690463 632382 542127 
430668 438012 416440 161089 271998 
415347 833612 816146 48935 733850 
106105 389817 857056 250007 921335 
303913 761735 733315 352108 912960 
148267 482724 859057 292314 164939 
875542 306869 628710 517198 220824 
4683 698172 664381 341523 778082 
663951 80329 728795 690845 736942 
388386 40469 226984 971026 766843 
25637 333067 563751 259602 871357 
981482 80591 502602 840555 566178 
316211 720334 930878 908763 967753 
518483 137728 281011 403177 786353 
