2
157
0
0
0
5
0
0
1088861
376753
374102829
1
25
1
0
7
0
2608425
0
19
0
0
0
0
39
0
9660
411
7
0
1
0
23
0
1057
701803
0
1188876
162161
10
0
291664351
1
117422956
0
0
0
0
819583695
224205843
651
0
57
1
4
56
0
0
0
991
0
0
0
0
0
1
5104
10
16
0
586021
103
1
0
7282
0
0
0
0
0
1
0
254
0
1
1
0
53
0
0
0
0
0
39630051
0
0
65
5
0
43
1
183
0
0
1
0
23
0
0
0
0
49
0
18829
831383936
31
180231891
157
0
2380
0
0
17
2
2
1625
0
496
0
0
345609
1
0
0
0
0
0
0
0
0
0
0
22
0
11391025
0
0
1
0
0
1
1
0
0
3
3
0
0
0
9
6228580
1
0
0
0
0
0
111
0
0
0
0
1
0
1
0
1
0
0
1
0
0
1
0
0
1
1315
0
0
1
0
0
0
0
0
32976035
12
0
0
1
0
2669
0
15
2017
1
361
24
13
47
0
252
65
6
1212
0
0
0
0
1
4825
143581
13
476024003
0
0
25
344085904
0
0
1870
0
2871
0
12521
0
20
0
0
507
0
0
36
2224
252141
1
94699
0
5
618939463
0
0
0
0
1
0
9
1
105361
0
1
29425
0
0
0
0
0
1174
211
5
0
8215
0
2995
0
1
10
282702
11
1
0
22
0
960616940
0
0
0
13
81
0
0
0
20
0
0
0
181000
0
0
1
0
859
16
3022897
0
75
0
0
403
0
2353
6898
2
0
62990634
0
0
0
0
1
10
0
100
51429
0
1
1
3
10
1491
0
0
0
10792
0
0
0
0
0
5936
0
0
264121541
6921586
0
0
0
484
0
0
0
0
0
41
361
2
6
0
0
0
0
60126
1
19
6
276
154751520
186
24
0
8041
267781649
144
0
0
0
0
60655
0
0
0
8
0
151
0
0
12961
1
37
1603
0
5335
0
2773
20
0
0
0
0
0
0
1
1
0
0
1621
0
0
0
1
0
0
22
558028374
0
105921
1
1
2526
55
0
0
0
0
0
10
3660000
0
208117140
4641
0
21
111
0
13
0
0
0
0
0
17
0
0
0
0
0
0
0
0
0
0
51
0
2261
0
0
0
34879681
57
0
0
1
0
2313
91
507
4928
0
0
46
1025
0
0
0
13
411
0
1
1
15
0
8
0
0
1221
1
785
14
49
3286
0
0
0
0
0
12
937714024
0
0
1
0
0
7
69461
0
1
0
0
64
0
118
0
1
0
0
2325
301
133
5
0
0
15676
0
321920701
1501280
1030
0
1
1562
19
0
0
0
0
1
0
529
0
0
0
1
0
0
0
1
1
0
0
0
456
0
7217145
0
1473
52
14
0
0
0
0
13
5
14
1
16
12
1
10
0
584995
265
0
0
0
13321
0
0
1
0
0
0
1
15
1
407
0
19
0
0
50061
9
20
217181
0
0
27508768
0
1
2178465
0
0
0
529
0
15
0
1849
0
2
1
253830651
1
0
0
20
1
601
0
0
0
0
19
57
0
6
0
8881
0
0
4
0
0
0
273
1
15
1
45
0
5869
0
17
0
24319369
1961
1
0
7029157
0
49
24
2062
1
5526
0
5
16403080
0
1
24675
23
36
0
45990174
0
0
0
186
0
1
0
0
1
23
1
0
455641
0
73
0
133
0
0
1
0
0
1
0
11583
0
133
19
101
15676
0
1
76
0
9
1
0
1
0
15
1
1
0
0
0
0
794388463
68068
0
399190
0
0
301069
1
103761
1
84971
510486
0
18
26
0
51040
2
1
0
14
0
2315480
6
0
1
0
0
0
0
5
0
0
8
7
444501
172
0
0
0
1521279
1136
57
0
0
1
3349
215241982
0
12306441
31
1
1
0
324
12
0
0
0
0
0
259593424
0
0
0
211
17
7
0
9
0
6991
28938
0
2289548
5799956
49
4
6541
89
0
1
9
1753
161200
0
1
11
15131425
1
885
0
298195993
1
21
1
0
1
0
0
0
13
0
211
19
0
15676
0
0
445325
402007423
0
0
16491
41251
0
6
1
0
0
1
1
553
1
16
0
36482266
0
373913
1
1
25
12
23
4500
1
1
0
0
71116
1591
1644426
0
3
1
0
0
0
676
0
0
40
0
0
0
4
13
1
137
0
5
0
0
55805
8841
0
0
7480
0
0
12
307756510
910
16
280579
81
1
0
0
0
4641
0
0
1
0
0
0
0
0
0
2601
0
157
0
5
817
0
18
0
0
381
0
4
0
0
0
0
0
1
101
20
0
336292146
1
1
0
0
49
0
1
0
0
11
0
21
0
0
4265
0
167980
0
34
0
343
26
0
1441
0
256
0
0
39
0
1326
1889713
488
0
56
0
5985
0
0
0
50656
1
0
0
0
1
0
1
507
0
0
657
115
19909
0
0
196
21436849
211
0
0
0
1
18
0
1
3
1
0
0
23216535
0
0
1
17
5
0
