1000 1000
2 1
3 2
4 2
5 3
6 3
7 4
8 2
9 8
10 9
11 6
12 9
13 5
14 9
15 3
16 5
17 12
18 15
19 3
20 4
21 1
22 16
23 18
24 11
25 18
26 24
27 4
28 10
29 15
30 28
31 19
32 15
33 5
34 3
35 33
36 9
37 1
38 24
39 27
40 5
41 1
42 23
43 37
44 9
45 30
46 29
47 32
48 45
49 33
50 39
51 10
52 7
53 15
54 9
55 49
56 37
57 37
58 18
59 31
60 46
61 22
62 44
63 10
64 37
65 25
66 39
67 5
68 44
69 1
70 38
71 46
72 36
73 55
74 65
75 54
76 74
77 23
78 53
79 46
80 56
81 14
82 77
83 59
84 52
85 15
86 56
87 64
88 65
89 50
90 55
91 69
92 89
93 16
94 14
95 81
96 26
97 41
98 95
99 98
100 24
101 3
102 39
103 86
104 52
105 79
106 9
107 97
108 54
109 107
110 4
111 63
112 39
113 3
114 26
115 91
116 26
117 105
118 40
119 113
120 92
121 99
122 78
123 122
124 12
125 59
126 72
127 104
128 50
129 110
130 29
131 102
132 62
133 17
134 80
135 82
136 10
137 59
138 104
139 118
140 37
141 84
142 87
143 48
144 49
145 35
146 49
147 129
148 17
149 144
150 134
151 68
152 147
153 16
154 64
155 139
156 88
157 20
158 68
159 60
160 150
161 107
162 79
163 132
164 118
165 38
166 9
167 148
168 12
169 59
170 51
171 115
172 111
173 146
174 16
175 107
176 114
177 6
178 32
179 113
180 57
181 18
182 63
183 64
184 66
185 146
186 94
187 119
188 75
189 85
190 71
191 157
192 41
193 101
194 104
195 68
196 148
197 22
198 147
199 117
200 185
201 39
202 109
203 153
204 170
205 109
206 183
207 81
208 185
209 64
210 10
211 93
212 46
213 141
214 38
215 16
216 90
217 165
218 107
219 140
220 219
221 184
222 219
223 5
224 5
225 73
226 59
227 63
228 170
229 17
230 102
231 218
232 61
233 202
234 92
235 187
236 225
237 82
238 73
239 97
240 40
241 110
242 41
243 50
244 97
245 239
246 183
247 208
248 17
249 226
250 70
251 237
252 238
253 171
254 127
255 152
256 129
257 106
258 166
259 139
260 186
261 157
262 93
263 133
264 180
265 261
266 233
267 45
268 166
269 202
270 157
271 76
272 199
273 122
274 101
275 48
276 248
277 125
278 210
279 196
280 7
281 248
282 197
283 13
284 10
285 72
286 115
287 282
288 251
289 62
290 95
291 89
292 47
293 275
294 236
295 131
296 49
297 149
298 228
299 78
300 203
301 46
302 191
303 270
304 86
305 24
306 236
307 251
308 3
309 162
310 261
311 128
312 6
313 81
314 29
315 166
316 87
317 31
318 311
319 83
320 119
321 86
322 20
323 242
324 226
325 9
326 313
327 184
328 136
329 193
330 184
331 243
332 17
333 229
334 331
335 314
336 117
337 293
338 327
339 224
340 127
341 100
342 246
343 135
344 35
345 161
346 193
347 166
348 97
349 326
350 63
351 29
352 145
353 290
354 241
355 186
356 214
357 167
358 93
359 157
360 60
361 79
362 18
363 250
364 108
365 310
366 8
367 339
368 83
369 322
370 167
371 167
372 190
373 286
374 340
375 133
376 113
377 27
378 252
379 31
380 209
381 340
382 61
383 64
384 1
385 222
386 185
387 295
388 2
389 241
390 253
391 227
392 130
393 305
394 237
395 372
396 337
397 330
398 50
399 315
400 382
401 353
402 335
403 273
404 134
405 167
406 159
407 260
408 219
409 260
410 113
411 223
412 372
413 291
414 180
415 178
416 112
417 237
418 68
419 257
420 275
421 99
422 104
423 54
424 302
425 317
426 143
427 210
428 77
429 364
430 57
431 332
432 96
433 278
434 195
435 218
436 255
437 210
438 227
439 217
440 377
441 57
442 245
443 395
444 349
445 180
446 392
447 420
448 139
449 73
450 291
451 383
452 306
453 394
454 316
455 454
456 323
457 309
458 109
459 32
460 3
461 84
462 141
463 194
464 147
465 246
466 422
467 95
468 449
469 118
470 461
471 7
472 411
473 298
474 322
475 163
476 372
477 271
478 321
479 275
480 101
481 323
482 335
483 480
484 49
485 17
486 298
487 145
488 448
489 170
490 455
491 106
492 85
493 53
494 143
495 316
496 427
497 166
498 392
499 140
500 350
501 290
502 261
503 356
504 501
505 7
506 126
507 120
508 384
509 268
510 398
511 428
512 71
513 5
514 490
515 497
516 454
517 351
518 420
519 204
520 99
521 14
522 516
523 87
524 362
525 416
526 253
527 358
528 14
529 111
530 69
531 517
532 259
533 473
534 483
535 1
536 430
537 122
538 175
539 114
540 501
541 190
542 416
543 150
544 140
545 363
546 97
547 285
548 322
549 482
550 474
551 99
552 57
553 279
554 114
555 315
556 211
557 70
558 281
559 522
560 55
561 100
562 455
563 445
564 330
565 345
566 137
567 85
568 489
569 308
570 249
571 410
572 539
573 240
574 221
575 355
576 81
577 576
578 246
579 222
580 161
581 360
582 490
583 195
584 276
585 446
586 114
587 191
588 387
589 144
590 201
591 90
592 452
593 495
594 288
595 308
596 6
597 514
598 341
599 298
600 534
601 205
602 373
603 571
604 154
605 383
606 81
607 87
608 153
609 427
610 329
611 166
612 258
613 412
614 394
615 232
616 362
617 347
618 398
619 246
620 487
621 398
622 150
623 356
624 230
625 254
626 560
627 254
628 256
629 77
630 115
631 333
632 275
633 421
634 523
635 217
636 233
637 554
638 146
639 102
640 470
641 216
642 632
643 354
644 436
645 524
646 1
647 360
648 298
649 596
650 564
651 340
652 561
653 125
654 495
655 35
656 27
657 37
658 63
659 174
660 377
661 576
662 117
663 250
664 211
665 292
666 363
667 98
668 369
669 216
670 495
671 225
672 233
673 453
674 165
675 351
676 371
677 243
678 120
679 375
680 649
681 228
682 376
683 407
684 504
685 109
686 61
687 127
688 279
689 687
690 383
691 480
692 224
693 277
694 261
695 178
696 626
697 129
698 532
699 229
700 172
701 68
702 346
703 58
704 628
705 558
706 255
707 208
708 250
709 59
710 6
711 74
712 24
713 208
714 252
715 355
716 43
717 95
718 479
719 483
720 416
721 584
722 546
723 656
724 239
725 628
726 662
727 387
728 216
729 358
730 141
731 524
732 169
733 519
734 277
735 110
736 566
737 336
738 278
739 251
740 201
741 377
742 15
743 531
744 551
745 354
746 484
747 604
748 535
749 283
750 537
751 478
752 418
753 93
754 590
755 727
756 735
757 572
758 477
759 96
760 674
761 142
762 456
763 379
764 513
765 689
766 618
767 762
768 380
769 639
770 485
771 483
772 344
773 386
774 445
775 591
776 461
777 509
778 706
779 48
780 342
781 593
782 630
783 174
784 252
785 449
786 767
787 133
788 614
789 170
790 316
791 194
792 749
793 191
794 83
795 201
796 437
797 620
798 305
799 474
800 767
801 22
802 548
803 65
804 397
805 612
806 30
807 433
808 7
809 93
810 706
811 556
812 196
813 358
814 177
815 752
816 395
817 732
818 369
819 406
820 58
821 502
822 658
823 566
824 570
825 465
826 519
827 433
828 578
829 532
830 468
831 453
832 418
833 518
834 661
835 15
836 43
837 69
838 156
839 707
840 517
841 92
842 72
843 74
844 705
845 375
846 515
847 226
848 264
849 249
850 735
851 753
852 626
853 528
854 769
855 682
856 364
857 472
858 485
859 349
860 512
861 223
862 367
863 737
864 618
865 788
866 14
867 701
868 309
869 555
870 640
871 405
872 325
873 682
874 345
875 874
876 375
877 177
878 188
879 194
880 326
881 338
882 26
883 267
884 470
885 366
886 528
887 724
888 522
889 183
890 782
891 28
892 725
893 337
894 237
895 505
896 214
897 891
898 629
899 580
900 144
901 377
902 206
903 429
904 24
905 649
906 660
907 676
908 695
909 172
910 407
911 531
912 583
913 499
914 519
915 406
916 1
917 689
918 376
919 161
920 631
921 319
922 479
923 288
924 587
925 827
926 317
927 886
928 631
929 729
930 867
931 368
932 803
933 352
934 773
935 318
936 488
937 217
938 726
939 92
940 275
941 44
942 436
943 812
944 717
945 484
946 567
947 501
948 536
949 398
950 732
951 423
952 367
953 942
954 478
955 620
956 515
957 10
958 250
959 820
960 737
961 452
962 682
963 142
964 234
965 350
966 223
967 599
968 398
969 191
970 323
971 7
972 15
973 259
974 635
975 781
976 144
977 949
978 164
979 918
980 195
981 569
982 9
983 619
984 615
985 90
986 371
987 145
988 271
989 516
990 927
991 137
992 118
993 309
994 647
995 102
996 930
997 354
998 365
999 265
1000 25
488 179 1 1
735 913 12 0
580 22 12 1
453 628 23 1
485 389 3 1
812 829 4 0
845 860 11 1
587 989 17 1
167 768 20 0
32 631 8 0
4 894 8 0
873 882 25 0
270 702 24 0
883 527 14 0
738 375 10 1
363 854 2 0
621 573 9 1
203 316 14 0
562 423 17 1
656 716 18 0
770 391 9 1
269 198 5 1
572 641 10 1
494 838 14 1
410 299 19 0
967 82 23 1
504 241 13 0
956 455 10 0
197 496 3 0
45 809 24 1
802 559 3 0
748 418 13 1
717 581 22 0
15 996 12 1
236 874 6 0
681 167 18 0
662 347 21 1
156 219 25 0
129 277 5 0
695 419 9 0
1000 507 18 1
502 6 10 0
879 967 6 0
134 250 15 0
597 185 5 1
403 229 12 1
506 718 12 1
137 145 10 1
3 54 3 1
59 439 19 0
406 926 25 0
176 339 12 1
523 241 2 0
822 638 12 0
707 623 3 0
119 839 5 0
892 534 3 1
325 623 17 1
549 493 22 1
831 360 22 0
601 73 9 1
62 845 25 1
468 977 13 1
815 644 9 1
178 738 11 1
361 652 10 0
145 906 9 0
265 830 9 0
902 717 15 0
913 441 7 1
417 44 20 0
688 80 17 0
817 702 20 0
706 4 12 1
261 420 3 0
249 911 21 1
979 435 16 1
876 898 25 1
293 644 4 1
723 570 23 1
272 617 20 0
972 857 5 1
628 409 11 0
320 906 5 1
692 898 18 0
795 868 13 0
863 493 21 1
62 670 4 0
639 248 13 1
104 894 19 1
303 6 12 1
911 393 23 1
290 868 23 1
87 435 25 0
279 997 11 1
666 66 25 1
314 389 16 0
283 811 2 0
816 515 10 1
908 532 6 0
751 903 8 0
689 507 13 0
503 23 9 1
89 35 24 1
775 441 22 0
251 726 18 1
240 902 22 0
786 229 19 1
484 976 25 1
834 862 16 1
236 501 7 1
535 382 6 0
822 655 18 1
380 62 18 0
316 39 18 0
268 813 15 0
140 64 24 0
277 116 12 0
616 218 17 1
952 25 13 0
679 880 24 1
941 741 5 1
132 849 8 0
661 400 1 1
463 126 1 1
242 487 8 0
57 551 13 1
575 225 9 0
456 32 12 1
125 394 4 1
242 63 4 0
462 506 6 0
631 234 20 1
72 379 10 1
929 199 14 1
423 323 10 1
354 474 25 1
867 980 10 1
395 90 12 1
595 120 11 1
353 555 3 1
285 937 4 1
135 742 21 0
64 880 13 1
705 115 24 0
446 684 6 1
773 744 25 1
863 235 22 0
142 801 16 1
90 894 18 1
987 763 10 0
995 622 22 0
88 122 22 1
805 652 25 1
395 124 1 1
711 649 1 1
449 166 6 1
411 324 14 1
438 598 2 1
571 675 8 0
796 104 17 0
755 916 7 0
392 234 10 1
882 638 7 1
155 637 18 1
312 333 17 1
930 818 10 1
492 367 10 0
822 701 16 1
969 824 4 1
57 890 13 1
527 821 20 1
809 839 1 0
171 617 24 1
434 458 3 0
177 813 15 1
865 858 1 0
681 706 21 1
595 60 4 1
880 998 7 0
188 457 11 1
73 86 11 1
543 464 11 0
628 752 19 1
609 994 4 1
699 924 6 0
984 461 18 0
459 976 5 1
784 415 6 1
852 868 17 0
331 902 15 1
6 533 2 1
878 830 7 1
105 689 23 1
150 42 5 1
18 909 7 0
676 664 11 0
532 777 23 1
31 738 22 1
622 973 1 1
154 608 2 1
648 351 23 0
393 352 6 1
612 713 14 0
376 274 16 0
403 438 21 0
175 292 18 0
616 468 23 0
427 426 3 0
777 75 23 0
778 331 7 1
43 195 3 1
821 193 4 0
983 149 5 0
440 122 7 0
941 656 25 1
82 552 21 1
979 720 5 1
50 11 22 1
557 877 14 0
421 242 24 0
390 253 12 0
726 920 12 0
576 113 15 0
16 587 20 1
306 299 2 1
661 950 24 0
178 12 21 0
253 896 3 1
501 616 24 1
536 112 21 0
224 37 21 1
623 40 10 0
690 38 9 1
988 82 20 0
446 215 15 1
463 820 19 0
435 569 15 1
33 488 7 1
524 902 22 0
293 784 25 1
821 710 8 1
143 305 2 1
519 791 13 0
610 33 20 0
953 835 16 0
322 798 18 0
51 791 18 1
574 769 4 0
478 64 6 0
368 582 10 1
725 549 19 1
581 865 5 1
699 448 20 1
597 462 19 0
605 263 19 1
32 723 1 0
786 182 6 0
115 393 15 0
941 960 25 1
825 606 9 0
405 628 24 0
442 519 2 1
781 45 25 1
119 851 25 1
384 857 10 1
249 502 14 1
461 565 17 0
522 525 14 0
504 462 4 0
332 630 19 1
27 269 3 0
471 652 3 1
860 512 3 0
13 743 2 1
659 768 14 0
292 677 9 0
490 737 19 0
719 489 10 0
757 912 16 0
563 993 9 1
857 487 7 0
581 883 21 1
2 860 22 0
888 230 17 1
318 587 23 1
75 482 7 1
745 373 12 0
717 546 8 0
384 314 21 1
549 543 5 1
402 326 20 1
907 338 19 0
276 568 10 1
402 392 10 1
116 647 5 1
544 237 9 0
902 606 19 1
148 149 4 1
826 898 18 0
587 913 7 1
480 568 13 0
311 448 2 1
94 183 12 0
771 422 17 1
27 860 1 1
360 529 4 1
778 321 20 1
233 226 2 0
145 139 20 1
586 323 8 0
857 194 19 0
615 637 1 0
497 476 21 1
4 649 18 0
322 662 21 1
239 72 20 1
210 267 14 1
941 71 3 1
617 549 24 0
185 426 1 0
901 446 16 1
94 633 11 0
295 531 23 0
602 642 18 1
908 458 11 0
529 840 23 0
388 773 2 0
199 654 9 0
99 549 5 0
534 742 11 1
273 983 14 1
977 332 16 1
789 51 11 0
891 433 15 1
206 244 6 1
897 567 6 1
115 912 19 1
654 906 2 1
241 243 5 0
574 596 4 1
646 240 8 1
24 547 20 0
142 127 11 0
693 542 13 1
453 333 9 1
238 338 10 1
580 590 21 0
537 850 16 1
89 600 24 1
499 643 18 1
769 380 5 1
921 119 23 1
451 131 8 0
468 918 18 0
859 564 1 0
765 769 5 0
368 53 16 1
695 360 8 1
740 887 4 1
358 953 10 1
83 920 25 0
837 718 3 0
633 556 18 0
324 72 1 0
477 268 11 0
628 118 13 0
356 318 5 0
270 467 23 0
386 72 9 1
141 611 20 0
166 764 21 0
187 473 11 0
741 496 11 1
613 875 15 1
193 519 8 1
337 257 20 1
328 180 22 0
143 618 18 1
733 466 3 1
938 88 7 1
583 119 1 0
994 890 16 1
761 250 3 0
506 925 23 1
456 521 6 1
139 598 10 0
415 462 17 0
901 76 9 0
194 187 6 0
428 246 3 1
848 483 14 0
407 511 13 1
383 543 14 0
493 773 19 0
586 885 13 1
960 49 20 1
235 700 21 1
297 824 2 1
306 542 24 1
404 738 4 1
633 792 9 0
916 402 10 0
638 698 13 1
98 657 7 1
708 202 20 0
377 898 25 1
791 348 22 1
86 726 5 1
869 638 19 0
391 928 12 1
977 975 4 1
983 487 7 0
689 102 22 0
351 546 24 1
246 547 10 0
624 666 25 0
655 945 2 0
224 913 25 0
239 105 1 1
592 383 14 1
836 310 21 1
207 146 6 1
693 718 9 1
383 885 10 1
181 788 9 0
53 210 7 0
667 582 14 1
316 127 16 0
788 288 16 0
434 71 23 1
788 284 20 0
520 305 10 0
92 345 5 1
555 413 12 0
994 650 5 1
129 70 14 1
357 556 12 1
979 412 19 1
695 116 13 1
772 199 16 0
896 722 11 1
134 497 20 1
498 851 16 1
920 656 19 1
212 155 22 1
566 92 7 1
207 947 5 1
497 795 18 1
869 903 16 1
751 862 8 1
64 973 1 0
981 119 13 1
625 84 10 0
175 391 4 1
689 683 11 1
830 255 4 1
157 770 24 0
983 532 7 0
856 732 6 1
202 695 6 1
778 815 18 0
558 874 15 1
556 100 8 0
355 712 9 0
833 485 22 0
368 628 13 0
711 946 13 1
640 845 12 1
12 457 1 0
330 815 16 0
266 301 24 1
12 407 10 1
243 308 12 1
287 927 12 0
224 651 10 0
495 348 9 1
804 761 1 0
575 592 22 0
244 695 14 0
453 998 2 1
657 163 7 0
441 545 14 1
195 550 4 1
898 214 20 0
975 973 13 0
916 259 16 0
953 257 13 0
254 566 2 0
80 461 5 0
5 144 11 1
45 766 16 1
980 787 22 1
759 884 6 1
142 299 7 1
555 596 2 1
161 6 22 0
466 627 13 1
122 1000 23 1
766 613 10 0
400 806 4 1
689 959 9 1
609 367 2 0
963 180 23 0
185 744 17 1
722 179 24 0
531 548 9 1
161 468 19 1
625 497 21 0
807 956 21 1
323 824 3 0
3 252 13 1
348 530 18 0
60 716 12 1
616 272 12 1
91 332 14 0
180 811 4 0
767 224 2 0
399 331 4 0
583 891 17 1
772 185 25 1
252 613 25 0
236 714 19 1
45 32 15 0
195 418 13 0
993 316 3 0
646 533 19 1
775 787 13 0
323 915 7 0
879 206 18 0
919 139 15 1
170 832 15 1
601 454 3 1
769 780 11 1
664 831 23 0
618 910 12 1
824 418 16 0
975 659 19 1
797 608 9 1
791 748 9 1
553 413 12 0
545 24 13 1
855 135 23 1
397 334 15 1
103 981 1 1
991 794 23 0
754 531 8 1
630 193 12 1
606 623 4 1
647 291 7 0
778 707 3 1
40 142 22 0
474 75 24 1
868 246 4 0
776 762 17 0
954 803 13 0
778 791 10 1
433 769 5 1
475 7 12 1
148 536 12 1
610 635 12 0
232 391 2 0
504 670 13 0
824 700 20 0
842 131 3 0
899 707 11 0
713 923 16 0
458 302 9 0
289 622 22 1
364 48 6 0
69 993 3 0
45 99 20 1
229 573 12 1
631 348 4 1
270 146 6 0
800 741 20 1
714 391 11 1
791 541 21 0
886 675 3 1
773 948 17 1
872 31 10 1
378 388 22 0
886 752 2 0
844 573 1 1
315 786 14 0
327 634 18 1
661 770 18 0
717 11 13 1
41 322 15 1
62 286 20 0
390 548 8 0
472 810 19 0
595 184 20 0
170 262 7 1
32 624 14 1
635 104 13 0
425 129 22 1
766 916 11 0
816 118 19 0
279 937 25 1
473 20 19 1
633 278 21 1
901 436 16 0
539 155 14 1
283 62 1 1
329 937 7 1
406 350 6 0
638 207 10 1
578 703 1 0
980 573 1 0
9 693 21 0
847 736 12 0
797 15 6 1
303 139 21 1
488 403 19 0
610 653 12 0
708 689 24 0
614 975 23 1
19 94 20 1
829 382 21 1
748 578 3 1
716 75 9 0
478 853 7 0
857 970 25 1
658 374 5 0
700 577 19 1
22 116 8 0
497 281 5 1
858 634 20 1
708 753 3 0
957 159 23 1
128 600 6 1
973 387 10 1
964 356 16 0
471 324 14 0
604 718 14 0
703 910 11 0
662 866 22 0
24 922 9 1
521 216 18 0
603 104 16 1
811 256 4 0
931 145 3 1
214 216 24 0
125 436 4 0
301 625 7 0
546 892 7 1
107 876 12 0
331 777 3 1
385 232 24 0
728 77 1 0
644 251 9 0
686 887 9 0
512 367 17 0
610 898 4 1
773 440 4 0
217 106 21 0
689 722 17 1
798 819 9 0
69 917 13 0
804 523 22 0
241 163 2 1
60 605 18 1
45 398 13 0
855 586 15 1
307 183 11 1
2 19 23 1
288 513 5 0
387 676 9 1
838 887 4 0
492 98 9 1
495 774 2 1
359 768 20 0
950 555 22 0
926 719 2 0
583 956 5 1
984 115 24 0
1 777 24 1
227 557 8 0
330 934 22 1
53 666 4 0
221 175 9 1
246 85 10 1
393 716 1 1
182 801 25 1
930 673 3 1
582 460 3 0
746 650 3 1
315 6 2 0
533 161 9 1
597 445 11 0
160 514 18 0
314 320 25 0
992 252 25 0
711 978 11 1
627 138 6 0
495 757 3 0
269 211 10 1
656 521 8 0
34 978 10 0
297 734 17 1
985 691 13 0
20 400 3 1
537 460 14 0
568 766 12 0
328 621 6 0
493 963 4 1
292 713 25 1
446 518 3 1
560 440 3 1
191 682 25 0
141 515 9 0
280 222 22 1
195 302 21 0
616 499 15 1
211 789 22 1
306 74 12 0
865 617 21 0
298 373 8 0
887 594 24 0
167 395 5 0
48 475 23 0
974 612 24 1
752 121 17 0
546 980 25 0
596 773 19 1
145 302 9 0
247 534 1 0
928 730 24 0
205 173 18 1
136 967 13 0
439 256 20 1
236 271 23 0
43 619 1 0
272 111 20 1
644 822 7 0
552 55 24 1
579 942 12 1
260 701 25 1
957 246 10 1
517 835 1 0
453 154 23 1
264 19 18 1
840 874 7 0
281 783 2 0
76 190 25 0
243 876 9 0
474 768 19 1
954 819 2 1
972 701 6 1
719 73 22 0
299 28 5 0
162 207 14 0
748 65 23 1
941 658 15 1
778 633 7 0
804 358 12 0
59 617 14 0
42 912 14 1
292 44 20 0
602 410 15 0
475 964 14 0
622 878 7 0
863 638 4 1
347 265 17 0
234 858 11 0
769 924 16 1
319 235 13 1
644 554 23 1
517 311 11 1
540 119 11 1
756 17 19 0
633 563 11 1
772 96 17 1
372 457 2 1
43 816 14 0
721 286 8 0
948 96 2 0
214 614 18 1
630 363 1 0
277 986 5 1
82 324 15 0
132 243 19 0
58 807 15 1
92 72 16 0
167 92 5 0
706 174 2 0
536 477 1 0
462 133 12 0
456 151 22 0
745 841 13 1
999 677 6 0
749 297 8 0
388 62 24 0
587 52 9 0
880 784 12 1
916 850 13 0
353 935 10 0
127 422 24 0
451 829 17 0
125 400 17 0
813 168 11 1
219 144 24 0
280 160 17 0
361 379 20 0
665 579 10 0
352 60 18 1
888 834 4 0
585 521 6 1
688 241 24 1
737 22 6 1
533 499 12 0
230 183 6 1
761 767 14 0
826 656 18 0
841 322 4 1
194 361 25 0
602 323 15 1
344 198 5 1
48 266 22 0
449 77 25 0
195 263 2 1
918 347 10 1
20 865 10 0
226 709 22 0
31 638 16 1
187 220 5 0
837 777 13 0
853 737 25 1
351 278 19 1
976 503 3 0
720 912 9 0
621 355 23 0
993 990 6 0
561 385 15 0
161 980 13 1
68 287 15 0
916 183 13 1
38 415 11 0
679 797 3 0
151 527 5 0
516 85 1 1
470 142 1 1
473 913 22 0
551 111 11 0
646 700 10 0
467 947 16 0
743 843 22 1
721 151 15 1
588 117 15 0
611 190 15 0
455 737 25 0
199 637 23 1
337 884 1 0
831 668 24 0
510 445 20 1
947 262 17 1
730 831 17 1
373 332 25 0
420 101 8 1
738 6 14 1
241 691 3 0
359 878 23 1
322 869 2 1
482 970 4 1
153 447 1 0
130 677 3 0
778 885 19 0
242 684 17 0
374 871 5 1
748 604 4 0
473 457 15 1
426 193 17 1
640 68 4 0
96 156 20 0
393 540 14 1
575 382 16 1
252 373 9 0
976 687 21 1
495 811 4 1
355 270 2 1
689 7 17 0
515 488 9 0
379 748 15 0
129 8 2 0
380 635 8 0
673 854 5 0
16 260 16 1
881 992 18 1
998 534 6 1
373 66 20 0
813 662 5 1
669 306 3 1
941 460 4 0
665 260 7 1
519 274 2 1
265 469 23 1
354 730 3 1
795 247 3 1
908 882 3 1
539 630 25 0
441 729 21 1
988 279 12 0
552 890 10 1
710 282 4 0
11 906 17 0
505 319 14 1
552 368 17 0
349 666 21 1
746 716 22 1
994 735 19 0
977 905 10 1
538 141 1 1
398 944 4 1
263 820 18 1
187 709 6 1
374 177 2 1
892 275 7 1
361 852 7 0
108 494 25 0
986 827 19 0
770 247 12 1
418 6 25 0
714 805 17 0
981 520 12 0
146 170 12 1
21 243 20 1
88 921 24 0
747 667 6 1
266 444 2 0
605 482 14 1
304 938 3 1
514 498 10 0
356 108 19 1
587 657 20 0
81 568 6 1
435 346 6 1
381 483 13 0
996 795 3 1
84 205 19 0
55 303 23 1
762 843 11 0
851 132 13 1
51 843 19 0
541 502 25 0
984 712 16 1
858 495 8 0
700 551 16 1
205 163 15 0
358 825 17 1
308 781 14 1
623 310 19 0
811 68 10 1
132 726 25 0
220 107 9 0
9 874 1 1
389 242 5 1
418 198 5 0
978 796 7 1
105 276 17 0
695 901 8 1
978 185 17 1
291 152 20 1
25 548 15 0
789 396 12 0
593 167 6 1
314 365 25 1
992 691 9 1
592 391 14 0
927 30 18 1
181 938 19 0
485 733 22 0
128 535 6 1
701 114 20 1
478 569 8 0
260 466 6 0
209 369 21 0
750 241 4 1
178 924 14 1
656 512 13 0
46 821 8 0
934 254 14 0
823 599 8 1
64 440 11 1
809 758 9 1
998 462 17 0
738 382 17 0
245 882 7 1
702 789 17 0
43 908 1 0
506 683 25 0
474 637 18 1
394 303 19 1
116 87 22 0
468 514 23 1
747 829 5 1
969 797 13 0
704 238 4 0
920 580 4 0
216 673 2 1
