500
524 946
221 451
34 292
93 651
565 832
146 231
490 654
115 577
324 460
95 172
220 679
137 332
324 828
567 632
100 796
249 816
312 670
75 563
145 738
477 694
268 915
164 752
44 256
364 704
18 203
393 635
731 863
612 948
844 860
451 488
302 495
88 755
765 882
399 603
370 526
454 922
174 528
566 758
382 638
766 934
25 52
422 761
158 661
509 937
281 764
94 177
59 409
299 442
623 747
287 315
407 602
324 810
498 641
429 444
632 894
709 825
237 451
236 995
64 269
193 470
873 959
550 889
249 974
368 549
216 447
204 856
571 681
580 637
266 487
648 918
137 396
361 423
327 990
484 496
289 329
213 721
171 815
315 702
317 580
511 560
311 616
177 350
338 455
161 794
415 693
61 565
580 870
17 672
354 680
247 972
348 505
773 860
132 772
733 757
81 735
230 934
195 906
286 777
19 882
336 945
70 578
180 952
713 814
838 939
447 780
265 365
71 123
15 584
208 945
408 576
432 778
201 374
432 737
659 673
118 652
23 549
787 854
554 794
476 993
918 938
793 825
605 714
135 244
686 780
528 964
575 984
524 980
412 567
343 562
86 318
412 892
182 980
243 450
41 198
53 379
18 887
160 978
420 652
934 971
33 952
457 835
377 602
338 414
197 993
176 916
489 796
949 973
10 680
795 895
354 572
265 886
101 949
236 454
279 417
271 771
472 758
737 759
178 767
365 574
58 760
629 742
397 567
178 415
176 710
314 771
128 256
686 713
251 389
309 341
52 863
468 695
281 315
312 963
455 641
423 698
26 637
392 469
331 339
812 908
179 980
27 944
319 936
170 256
502 864
782 906
17 952
609 961
432 461
579 772
382 620
727 924
42 983
161 896
225 573
170 603
556 879
81 320
623 889
360 868
193 987
139 600
432 594
343 918
138 893
204 855
39 458
111 726
171 546
570 894
627 710
282 966
563 636
575 856
382 477
749 845
355 382
72 76
56 225
164 487
111 485
85 902
108 413
828 912
205 268
459 757
84 227
266 917
640 919
524 912
406 539
291 805
132 884
667 854
6 614
182 188
164 366
588 995
149 813
80 300
215 240
683 801
499 645
490 500
869 915
156 227
505 984
825 922
201 720
14 74
82 616
309 953
213 276
428 583
257 553
148 927
502 553
714 878
247 261
246 404
35 871
402 624
162 920
385 893
687 859
625 718
409 677
57 517
152 764
34 597
163 387
506 724
442 623
797 891
393 794
116 542
1 275
124 870
309 764
701 889
462 757
37 706
508 736
565 875
47 246
377 836
59 902
290 327
82 690
757 859
31 821
0 392
518 720
63 262
441 966
532 975
809 879
197 835
519 747
558 686
319 769
135 140
100 654
75 918
188 579
535 713
366 534
382 501
560 600
857 886
473 882
95 501
54 772
530 735
264 584
138 480
43 917
77 697
159 279
329 790
278 621
163 662
343 731
334 541
450 687
694 844
441 481
576 851
548 638
302 605
582 812
368 980
111 614
246 599
55 129
282 640
136 691
736 924
35 210
268 854
444 912
451 790
23 527
639 675
8 308
182 231
191 222
17 385
123 938
654 686
523 743
28 575
801 909
243 339
896 925
232 389
28 96
782 968
646 667
382 453
232 919
51 732
249 858
389 927
82 520
327 740
22 82
475 817
280 757
472 736
736 822
293 526
383 500
216 414
441 675
297 514
784 843
547 989
28 81
201 633
195 536
606 847
57 888
277 510
168 531
215 452
298 331
195 960
301 924
109 673
827 962
379 612
474 515
330 596
292 704
648 883
180 774
599 736
811 901
784 964
577 623
320 588
327 455
34 125
44 625
133 252
490 949
722 908
32 778
372 971
347 584
518 876
105 804
19 837
669 823
417 853
605 734
105 823
767 869
811 830
346 437
802 938
431 543
435 466
675 756
276 720
402 865
354 871
531 888
329 723
396 647
156 258
111 355
400 733
199 658
186 604
352 667
21 795
760 949
451 475
229 550
184 282
422 977
214 375
400 778
499 954
423 540
438 453
45 845
132 874
250 836
585 767
658 735
73 127
725 922
245 648
612 767
674 954
308 458
746 984
168 742
226 227
516 734
113 872
418 530
257 539
318 996
85 692
500 567
633 790
63 506
111 710
534 757
878 968
163 210
785 852
324 949
146 946
798 880
161 365
260 304
104 835
287 979
389 635
253 873
342 616
218 594
16 793
547 916
340 942
105 560
416 743
328 441
193 666
817 825
145 742
368 510
534 729
193 995
574 835
93 361
