76
35529 67384 73931
6921 40826 99947
84835 14447 26267
28010 79999 91930
30743 25188 82380
85916 46022 66908
20211 35712 76414
14176 75140 98828
48459 94643 98580
19615 38687 47027
10150 88376 92131
67153 61120 66168
43386 30500 99387
63980 89796 90482
42747 84670 91025
42368 5455 86882
71485 27489 74407
5362 33236 58122
53053 44009 71961
22042 91830 98452
82848 58917 66886
70601 35443 79082
2967 43692 55892
20879 35473 62965
82641 97878 98198
55603 30065 64260
39183 53590 59207
81749 48066 55223
63314 78755 94757
49884 90642 94159
19192 3083 39970
82421 69028 96645
10413 80106 90972
18252 99996 99999
90529 57497 99845
62273 26977 94574
56811 6848 88772
405 73288 93889
79173 36532 76352
75944 56386 97006
36653 98687 99369
89146 1459 76797
11834 80502 89418
53669 1355 99518
14438 88763 99393
71275 35905 66872
22593 45193 87221
11908 3025 93723
72612 67888 76705
84166 25096 48792
8332 73795 90025
1859 33554 88629
44094 42701 67674
4952 60768 82789
62757 80676 94560
47507 64085 72358
97516 49249 92013
24521 98582 99452
17187 26426 57071
97590 17065 20444
42343 69418 95971
88026 20546 47557
91938 25376 89661
52057 77678 90213
91575 69038 73977
33937 87536 88291
71924 13944 19950
61547 87659 95055
43156 113 29307
98722 75108 83976
69907 97859 99105
33405 46913 91308
61866 36273 58721
28996 93636 99133
95945 14155 58701
23175 34103 37475
