475 500
178 154
154 290
290 393
393 35
35 236
236 302
302 133
133 382
382 79
79 157
157 431
431 181
181 375
375 335
335 277
277 141
141 346
346 98
98 388
388 59
59 162
162 474
474 282
282 443
443 427
427 222
222 71
71 315
315 420
420 221
221 155
155 36
36 150
150 171
171 452
452 272
272 243
243 179
179 434
434 298
298 281
281 269
269 94
94 328
328 245
245 352
352 423
423 356
356 123
123 360
360 254
254 18
18 379
379 69
69 229
229 27
27 239
239 404
404 200
200 307
307 401
401 144
144 68
68 210
210 129
129 147
147 413
413 126
126 125
125 47
47 296
296 261
261 66
66 262
262 428
428 55
55 468
468 299
299 372
372 49
49 387
387 21
21 253
253 438
438 385
385 246
246 116
116 467
467 366
366 205
205 119
119 416
416 327
327 363
363 325
325 308
308 441
441 240
240 57
57 235
235 433
433 288
288 124
124 103
103 276
276 291
291 65
65 322
322 198
198 204
204 471
471 364
364 207
207 259
259 224
224 110
110 345
345 310
310 359
359 361
361 46
46 42
42 311
311 251
251 462
462 370
370 188
188 351
351 321
321 408
408 91
91 14
14 250
250 88
88 202
202 6
6 192
192 383
383 217
217 466
466 90
90 249
249 131
131 384
384 93
93 268
268 386
386 357
357 218
218 456
456 275
275 368
368 180
180 83
83 149
149 252
252 177
177 459
459 353
353 374
374 134
134 163
163 312
312 389
389 8
8 22
22 342
342 105
105 3
3 201
201 475
475 411
411 373
373 51
51 426
426 15
15 273
273 120
120 108
108 367
367 399
399 333
333 463
463 127
127 138
138 455
455 156
156 159
159 185
185 60
60 121
121 2
2 454
454 371
371 187
187 158
158 263
263 7
7 80
80 301
301 82
82 23
23 12
12 53
53 84
84 41
41 58
58 429
429 425
425 61
61 324
324 343
343 165
165 244
244 380
380 128
128 265
265 130
130 238
238 465
465 391
391 437
437 81
81 38
38 102
102 197
197 453
453 284
284 451
451 317
317 397
397 20
20 72
72 450
450 287
287 410
281 140
90 211
361 289
235 146
408 419
410 122
239 44
299 458
181 63
204 64
443 184
46 258
251 43
468 17
411 203
289 39
343 338
35 424
140 469
307 396
79 421
252 409
346 279
180 358
155 143
126 194
68 266
410 166
322 460
324 297
65 148
98 92
63 109
7 175
44 52
27 213
236 190
109 304
358 5
450 167
411 174
399 233
262 439
327 432
203 332
368 9
249 242
94 395
179 340
35 334
35 214
395 444
236 191
174 267
43 54
431 97
197 339
434 341
363 160
455 274
217 264
229 470
210 33
269 67
444 405
429 137
338 232
370 381
123 350
35 237
311 337
366 440
91 86
238 26
364 24
144 50
160 206
277 76
383 257
261 418
97 349
391 472
353 464
259 306
383 294
258 223
46 447
258 100
332 78
284 114
148 300
160 331
432 107
124 118
419 241
267 208
88 227
299 151
218 117
468 402
224 314
388 392
20 417
299 135
7 183
181 142
421 40
122 152
233 347
122 145
312 355
425 170
254 422
411 248
232 220
263 193
137 473
220 132
188 216
6 176
413 85
328 168
455 186
167 430
151 457
275 278
307 309
334 442
141 219
135 293
2 412
352 215
402 326
166 270
289 292
21 169
357 303
52 403
133 305
239 10
178 96
121 34
246 283
311 13
246 231
311 286
243 75
459 461
220 182
307 446
317 164
259 161
167 56
374 336
286 101
374 136
259 11
242 153
263 247
296 377
417 115
56 330
327 87
192 196
160 319
254 348
121 95
154 106
278 436
377 376
110 19
410 139
10 255
430 295
428 62
462 369
205 406
277 448
312 77
176 256
168 37
6 230
379 313
464 407
418 445
246 1
14 362
377 318
174 390
281 89
50 209
183 45
187 280
311 320
6 285
143 394
162 99
65 354
454 30
168 316
78 414
201 226
404 111
54 70
76 104
164 4
351 28
36 113
124 25
445 225
406 195
396 435
133 73
425 234
291 260
459 32
443 323
229 173
309 212
58 172
457 112
165 189
115 31
232 378
261 415
39 199
155 271
42 228
361 400
38 16
294 48
350 449
430 74
310 344
465 365
338 329
250 398
377 29
178 154
154 290
290 393
393 35
35 236
236 302
302 133
133 382
382 79
79 157
157 431
431 181
181 375
375 335
335 277
277 141
141 346
346 98
98 388
388 59
59 162
162 474
474 282
282 443
443 427
427 222
222 71
71 315
315 420
420 221
221 155
155 36
36 150
150 171
171 452
452 272
272 243
243 179
179 434
434 298
298 281
281 269
269 94
94 328
328 245
245 352
352 423
423 356
356 123
123 360
360 254
254 18
18 379
379 69
69 229
229 27
27 239
239 404
404 200
200 307
307 401
401 144
144 68
68 210
210 129
129 147
147 413
413 126
126 125
125 47
47 296
296 261
261 66
66 262
262 428
428 55
55 468
468 299
299 372
372 49
49 387
387 21
21 253
253 438
438 385
385 246
246 116
116 467
467 366
366 205
205 119
119 416
416 327
327 363
363 325
325 308
308 441
441 240
240 57
57 235
235 433
433 288
288 124
124 103
103 276
276 291
291 65
65 322
322 198
198 204
204 471
471 364
364 207
207 259
259 224
224 110
110 345
345 310
310 359
359 361
361 46
46 42
42 311
311 251
251 462
462 370
370 188
188 351
351 321
321 408
408 91
91 14
14 250
250 88
88 202
202 6
6 192
192 383
383 217
217 466
466 90
90 249
249 131
131 384
384 93
93 268
268 386
386 357
357 218
218 456
456 275
275 368
368 180
180 83
83 149
149 252
252 177
177 459
459 353
353 374
374 134
134 163
163 312
312 389
389 8
8 22
22 342
342 105
105 3
3 201
201 475
475 411
411 373
373 51
51 426
426 15
15 273
273 120
120 108
108 367
367 399
399 333
333 463
463 127
127 138
138 455
455 156
156 159
159 185
185 60
60 121
121 2
2 454
454 371
371 187
187 158
158 263
263 7
7 80
80 301
301 82
82 23
23 12
12 53
53 84
84 41
41 58
58 429
429 425
425 61
61 324
324 343
343 165
165 244
244 380
380 128
128 265
265 130
130 238
238 465
465 391
391 437
437 81
81 38
38 102
102 197
197 453
453 284
284 451
451 317
317 397
397 20
20 72
72 450
450 287
287 410
84 140
467 211
298 289
60 146
335 419
244 122
110 44
254 458
124 63
244 64
218 184
21 258
384 43
474 17
197 203
105 39
321 338
301 424
281 469
156 396
312 421
80 409
80 279
127 358
471 143
202 194
426 266
222 166
433 460
108 297
416 148
66 92
397 109
21 175
175 52
108 213
129 190
88 304
452 5
71 167
178 174
125 233
367 439
419 432
287 332
71 9
79 242
51 395
298 340
459 334
146 214
141 444
244 191
263 267
455 54
158 97
342 339
379 341
366 160
460 274
358 264
157 470
72 33
92 67
441 405
340 137
338 232
205 381
372 350
441 237
137 337
109 440
383 86
98 26
162 24
453 50
128 206
460 76
22 257
469 418
22 349
191 472
324 464
222 306
198 294
454 223
194 447
239 100
297 78
17 114
21 300
128 331
134 107
63 118
184 241
455 208
352 227
424 151
410 117
262 402
91 314
421 392
334 417
63 135
5 183
284 142
426 40
364 152
63 347
134 145
40 355
250 170
335 422
158 248
338 220
321 193
143 473
455 132
142 216
79 176
388 85
8 168
145 186
375 430
168 457
240 278
122 309
438 442
353 219
254 293
41 412
222 215
186 326
350 270
458 292
22 169
65 303
430 403
213 305
444 10
125 96
460 34
254 283
240 13
368 231
175 286
120 75
219 461
108 182
360 446
9 164
450 161
301 56
2 336
130 101
66 136
342 11
154 153
39 247
336 377
140 115
143 330
248 87
312 196
194 319
440 348
242 95
304 106
13 436
164 376
405 19
76 139
79 255
156 295
353 62
337 369
213 406
279 448
416 77
8 256
393 37
296 230
263 313
340 407
284 445
186 1
183 362
181 318
249 390
333 89
224 209
38 45
120 280
148 320
475 285
231 394
397 99
286 354
427 30
287 316
44 414
154 226
470 111
256 70
421 104
165 4
268 28
466 113
152 25
388 225
105 195
44 435
107 73
222 234
352 260
404 32
315 323
359 173
475 212
310 172
301 112
452 189
289 31
240 378
40 415
107 199
290 271
141 228
37 400
381 16
404 48
310 449
413 74
61 344
144 365
6 329
45 398
454 29
40 434
283 360
116 462
128 163
251 225
405 453
249 104
253 21
124 238
413 372
221 437
315 226
28 186
281 42
37 377
237 372
254 373
341 146
264 200
191 389
138 427
26 55
434 139
291 4
78 183
409 251
404 265
358 411
303 425
214 359
327 163
211 51
169 104
406 310
237 366
11 205
373 57
299 376
132 236
202 417
452 333
363 58
120 472
72 387
168 198
368 138
186 172
199 292
5 380
385 291
447 383
179 406
260 338
5 285
83 348
208 120
233 114
437 109
93 236
401 49
324 114
5 293
417 337
85 226
372 251
202 296
6 110
101 434
430 299
319 377
213 385
332 410
202 94
313 56
207 99
164 301
381 17
318 156
62 63
475 3
328 379
272 394
66 324
401 289
469 123
68 136
88 208
345 296
91 82
186 364
23 91
341 215
354 421
127 315
195 141
336 334
268 210
90 6
4 307
26 30
318 184
450 298
387 107
293 278
5 92
264 366
177 200
266 378
139 134
175 243
118 377
296 85
3 304
101 285
299 262
113 271
305 98
322 29
7 339
461 464
415 322
290 191
20 368
467 14
469 55
276 208
226 31
304 115
199 23
285 323
122 349
114 290
171 151
447 213
345 154
445 63
265 211
16 270
446 16
294 334
102 321
233 299
78 248
71 388
452 314
174 4
201 203
241 370
29 341
173 169
94 189
85 288
300 339
164 407
134 418
322 236
30 334
372 464
350 216
56 19
274 446
262 468
461 359
461 402
354 389
300 455
449 74
433 35
195 67
44 231
237 427
406 126
225 127
60 472
390 16
1 68
468 339
99 322
2 373
49 357
105 205
202 56
376 363
416 169
12 362
415 167
182 295
187 3
58 439
116 406
181 182
376 267
338 112
216 387
438 226
444 260
42 379
234 153
384 138
154 230
179 10
149 7
443 200
35 414
226 279
419 181
301 234
12 406
29 65
194 352
178 310
465 237
333 249
275 354
178 321
32 274
79 370
9 310
222 295
96 79
380 282
386 43
49 139
373 365
38 239
112 236
159 60
160 462
91 319
238 95
59 370
197 451
393 140
331 66
281 216
288 190
58 314
411 55
260 286
306 75
302 366
66 367
11 255
274 249
228 314
32 83
464 190
117 34
299 116
29 464
79 10
322 76
125 461
409 122
29 68
344 46
177 401
151 430
460 224
412 419
142 156
68 375
80 104
447 265
277 331
392 167
167 177
132 113
391 15
322 462
472 263
335 365
328 466
25 424
446 192
399 413
57 457
294 394
83 378
207 83
237 63
365 31
285 210
416 282
72 394
105 178
459 171
367 249
382 413
290 190
23 359
346 255
95 103
189 355
369 299
85 417
462 199
338 297
284 34
197 148
213 343
198 126
428 9
299 408
318 281
154 351
303 375
108 24
291 66
213 301
12 68
69 348
179 423
217 77
175 6
184 301
296 230
111 16
463 423
251 231
37 318
249 405
165 347
289 347
89 95
351 114
122 291
416 1
410 104
431 221
83 440
387 463
200 125
331 370
326 99
126 84
263 461
288 187
44 329
315 37
242 140
136 475
38 131
188 30
165 249
434 471
282 169
128 436
153 324
377 120
372 77
75 448
200 391
469 295
42 312
345 340
6 341
67 461
191 101
140 235
269 142
210 400
221 376
390 74
298 337
284 394
144 382
11 427
375 448
36 230
383 278
296 217
400 65
178 415
186 231
323 475
473 222
203 373
431 290
45 271
194 351
107 280
273 63
129 165
263 213
184 268
9 141
360 124
455 310
45 37
246 9
92 207
443 176
413 118
157 33
123 100
234 272
357 98
84 2
374 349
169 408
196 52
358 237
16 107
50 376
203 312
244 295
3 410
194 344
372 142
204 184
452 128
248 197
179 38
9 103
9 321
314 61
319 13
177 414
429 301
376 212
268 125
195 30
391 207
139 318
110 319
73 298
202 31
428 418
121 103
115 228
441 432
338 274
355 424
220 446
168 428
158 436
327 134
246 463
427 229
89 359
134 361
368 387
198 61
385 4
294 142
143 179
14 166
233 457
115 426
434 74
414 287
383 457
15 329
191 436
462 251
234 437
31 286
379 399
84 43
117 91
336 311
438 200
158 43
378 204
370 445
434 420
248 228
36 333
415 84
444 173
166 100
190 242
338 426
24 249
250 377
442 134
380 126
48 16
206 170
107 254
16 245
425 188
409 201
368 314
228 19
136 312
416 160
411 148
191 5
292 281
386 93
204 250
97 380
74 253
196 244
52 123
316 402
279 408
469 235
