49314
13170
38346
57300
58945
112865
38184
11432
42410
51282
79033
8238
85916
8894
57280
3214
43164
109844
156514
64024
2526
1110
97381
73045
46908
52898
30548
54771
31664
7168
124734
73713
90989
59852
58217
84836
6712
13950
274
410
32458
14260
254
4408
158914
174506
37154
32600
5240
10688
141744
79275
6128
134524
83052
31484
163504
50842
452
112313
19148
16812
706
75533
39446
123787
5716
49173
136662
102405
50700
143682
38560
155442
112583
51434
5666
82477
110875
25798
47774
69624
76154
5644
4248
22028
123030
35376
116926
2444
56367
37774
2432
3658
33568
9670
112233
147580
81879
37796
21028
127860
74202
10900
51974
82088
9504
44828
73075
43099
117428
32832
4346
114389
25108
55010
27250
10444
1114
998
28216
79563
53461
3150
87219
36563
21284
46070
65567
56640
23754
1040
85349
1676
16296
7454
5314
4296
2514
78355
125982
7300
14072
7738
38178
13096
88565
5322
43024
47226
1238
30034
8014
75163
49471
17526
118629
2022
21998
13338
17102
88722
5710
19902
22208
84884
87125
5360
65763
49762
19832
110541
43440
23348
31030
25620
112717
45236
17824
57886
656
4834
10674
3444
2694
5842
41326
101240
21782
13282
142775
114124
60563
89049
3810
13278
5974
29110
78961
88559
54824
57138
72607
11076
40630
29774
19698
63556
59289
17960
99441
74557
100343
77377
139664
36440
69927
113515
125738
972
2848
175665
86821
16576
38076
38352
157614
37984
137975
106949
125237
94014
28566
97137
41550
105065
7338
66525
81353
6756
1570
83157
30154
15520
20924
29806
992
47886
64377
4908
54543
5356
103464
54923
124479
99611
26050
74108
149662
12220
114376
98942
6532
42730
21878
85571
848
75705
38218
79086
8670
70790
43534
12852
54330
5652
13540
75811
40856
76706
3474
112239
46978
20000
24626
51264
16976
53096
11148
36046
2158
23298
86311
9648
54196
3478
9208
89479
22950
46926
7560
22270
32142
185335
75910
20960
17124
67583
18110
141154
60060
25036
76799
18150
96800
10222
74747
33534
10790
103371
10360
25604
58668
1772
7066
69468
4338
3324
121833
39310
41444
51550
149874
125611
528
94591
152423
34410
20592
15770
38172
23570
59993
91315
1784
118332
1894
14068
149348
51454
10334
27158
13380
15274
37488
104967
25006
35044
18682
34518
92487
64328
28040
55718
35982
87931
167840
41047
94348
126126
4270
2090
33514
51584
55422
102704
162565
55852
137964
54007
30006
87855
37965
74261
69643
8034
36648
7340
830
70127
82228
11006
13914
100284
6264
64056
142582
48627
2364
20892
16566
27192
7278
984
167095
24988
75940
128940
77423
59955
3590
6522
9074
746
28196
76669
86822
55658
50706
28152
84533
10628
43755
118722
45168
15166
18580
82383
1792
1578
20918
137919
4868
15154
6538
51954
74229
53804
194412
48526
368
89210
21898
153425
23388
117184
4310
151733
2122
37918
1818
81301
54086
54562
80331
19332
15210
48074
1642
128696
34998
42442
41812
161015
168743
147254
18660
80482
101178
18800
83327
4964
160814
55688
1206
82459
6306
27524
11598
13376
108069
100
68051
52918
99237
132124
5956
157129
2510
37308
74
498
43608
54914
4356
28824
41012
17320
816
4230
152886
32342
28614
3490
312
65958
47366
162043
13282
9902
11686
78943
10946
7474
126476
358
39046
2394
944
11548
4506
114649
1516
49684
9732
14454
76527
151306
9694
86083
69192
17962
1116
26584
160344
59485
36182
78876
10008
3548
12158
29378
69344
42472
51356
41980
5520
30642
18906
16738
38080
67939
72941
5412
83675
142226
107703
50190
162250
36386
39294
118736
342
106351
107825
94591
10260
554
76549
39524
17692
45298
48564
36710
62666
32860
78918
14
15330
25842
52110
152611
84937
72039
119439
41438
11712
24916
5942
68263
36886
5652
10
30324
342
150822
67127
14590
103721
2076
80964
148
95641
40986
340
107543
690
36764
21970
764
32242
50500
18160
107288
10374
2694
122012
14352
16342
4654
13042
82064
3526
5062
23262
47879
11708
119000
6380
97952
512
2868
53888
208
758
7834
23870
7614
52134
123910
38566
57444
33384
97375
49261
70657
47520
85133
53096
46724
23698
54526
60698
3202
554
23642
5324
1624
167993
55500
51192
3772
17670
38164
6548
44858
46512
41662
4798
38532
162523
98711
2040
2026
10776
1254
54674
48
34802
91573
25528
38873
79874
272
124484
20852
12144
73456
6788
47337
32454
44570
11074
68
63992
3946
35772
3916
113058
148522
103687
11120
3274
63718
123120
1170
15902
30964
28862
61954
12746
7768
139432
11388
107346
80698
36442
6704
31138
468
112796
30086
16940
718
42058
7550
163276
26164
42436
177461
20594
65550
39900
2792
139466
37999
37963
46749
15828
117456
36090
38908
446
73596
90070
2442
87281
84789
49680
71376
41354
566
9470
19302
9686
162
94827
75226
119045
7368
44930
190906
22162
140764
104197
3060
4130
60457
23810
22758
68156
5520
88721
139959
62042
34300
43462
686
31450
13258
8284
74713
49182
2484
14532
27592
24880
23596
142750
56594
90195
1440
46464
23314
7682
180509
98280
24152
12018
134390
43640
117705
80415
60824
122005
94475
49126
91175
5014
152086
13860
75865
9622
4228
116492
112511
21768
3380
72702
129506
60140
4110
139295
2582
69137
70387
128810
53100
62284
61295
70071
103842
2914
66241
23972
31614
3430
590
45412
37856
79231
3566
2248
2388
108488
11582
19304
108687
126001
122205
19946
37296
22234
23258
112326
47161
8532
100268
10876
14306
43088
7724
117204
26720
52176
8278
51742
49172
6384
111756
33010
148
748
140838
32754
38946
64081
8988
34018
39744
33062
20618
20054
56485
3118
28944
31838
18604
52246
81840
76917
10224
96673
20744
118719
17504
82545
43596
2548
8484
45067
63150
81603
20716
42686
106101
35244
414
43352
29268
48848
7762
41320
5730
35480
132488
50157
63473
118738
52224
2664
4812
22928
68261
73019
40102
35350
22964
26684
38712
10
18400
53674
110664
38670
3828
47490
282
814
60350
103773
36058
13578
19256
32578
12942
103113
47234
47914
125008
82347
121555
87393
67645
44142
14800
153369
2372
23552
36572
282
68196
31816
83559
18070
29864
81634
143378
3060
17206
164399
124548
107671
132130
76433
776
102505
5402
39130
4204
29382
8630
3954
71073
83161
53066
134110
51200
136534
145406
47451
8608
51412
37758
4142
10062
16268
13672
508
57712
182713
38548
61534
59011
49478
53657
32082
37598
97196
109120
37182
37838
24252
96966
3974
61902
53008
32918
68600
19992
7622
646
134406
142020
122493
28238
62947
10972
40489
31442
70209
75776
20948
100176
18496
9620
11624
916
2210
57660
9278
8698
68758
43438
59592
5368
18284
30544
136861
22336
21840
55152
10424
63193
13204
764
86897
28206
19266
1392
39433
3854
1634
38396
17316
134284
6004
47672
65018
6230
37458
29404
12886
80253
50362
29368
13066
392
26570
26574
82545
44640
113734
544
47174
163759
80
1330
135322
68339
9614
69555
18662
44326
37592
25292
37222
143923
7562
48940
108035
17104
149114
10674
85671
6390
12926
3068
48296
40650
160304
24562
7654
334
1088
70700
22384
46863
156255
113624
115903
18428
27376
45042
36414
17488
50792
34900
10432
23628
105476
1972
29992
56058
72057
131007
3778
45882
23776
52418
85586
14656
191897
13148
45998
53662
116638
57605
64867
75147
41890
27160
6844
43536
34106
5574
13002
19624
5706
57198
127840
59512
5044
6334
99859
61018
110623
68902
147004
47070
2020
61390
22452
167259
34058
14550
160
14344
1978
108031
3214
19598
127300
36822
139447
9412
67920
42779
52301
44993
114533
123538
32288
3708
6534
188136
17836
7142
34
3666
7252
129697
10354
33004
18962
21604
135418
12356
50626
70856
35722
79527
6130
94203
56077
21254
18590
110331
75365
3604
56222
5648
12936
14460
13514
71057
1662
1344
46446
6070
47604
106585
14774
7884
7532
81133
19222
8780
4220
5128
180554
59028
81529
1472
79768
44074
73866
81577
1236
18674
11598
76534
12000
90949
134534
158800
43260
15634
21942
90274
114675
102401
5162
117587
12840
17560
20406
8908
111397
5574
73707
21250
75145
110690
129360
53404
50606
35262
171807
117229
16538
34474
43804
39410
32980
163489
17576
59660
9438
538
600
14568
25926
16396
23572
30830
75496
8132
61020
36194
103059
29352
52872
62068
46382
179027
9516
149810
94835
82576
96439
153130
20694
79631
28258
6570
8974
67012
43274
13592
75639
29058
12566
22408
71009
5344
36998
480
28078
50106
7662
1020
30894
50678
54970
92345
2830
87653
56826
60085
6744
31200
32788
12326
11320
49728
20366
13402
44484
5980
558
4292
14102
113970
11176
9742
13606
58190
10110
53736
77722
6160
46736
3378
21444
119913
35312
93977
67785
87787
78427
176537
7368
6800
32552
67593
31568
19032
86097
5896
57988
28576
2922
27348
113604
59673
139402
109238
8266
141632
20918
7332
5352
41