1000
450 703 72 440 621 822 202 577 137 520 20 990 296 663 912 438 805 507 607 715 119 33 657 701 266 603 989 567 641 937 478 542 858 834 763 554 908 854 416 987 942 506 196 350 139 343 920 791 836 920 755 772 885 817 827 320 307 469 544 976 212 117 995 762 740 471 622 598 466 995 543 973 929 969 751 761 462 356 61 327 7 685 994 947 450 714 907 856 680 272 969 893 981 638 452 779 317 150 870 946 414 872 869 523 550 156 721 81 205 936 73 729 542 527 804 58 611 184 834 785 943 720 682 236 541 634 129 146 103 170 564 143 311 560 3 734 287 146 106 293 611 129 407 41 552 428 447 544 948 793 77 801 194 688 806 178 184 393 610 959 682 33 122 930 384 679 331 178 201 165 325 770 216 648 857 952 435 522 561 359 651 409 363 485 270 387 621 689 533 406 225 798 327 983 203 290 969 160 302 513 306 409 721 131 824 462 596 931 937 814 44 671 960 479 926 215 543 354 81 632 424 35 614 500 475 642 599 885 780 523 835 988 148 706 872 947 814 421 420 207 241 710 146 855 831 746 860 953 592 598 673 156 80 618 917 421 597 243 454 394 543 545 303 72 653 87 284 342 942 886 248 397 98 606 23 739 135 394 359 279 65 482 509 177 581 517 161 983 661 239 604 504 359 35 769 191 345 801 142 167 896 671 474 149 611 757 839 213 621 86 680 390 992 103 523 892 329 678 839 408 258 61 788 901 425 94 302 144 909 274 783 382 339 458 98 68 492 682 21 113 502 18 492 390 983 65 881 407 864 180 695 359 300 413 151 254 767 997 332 859 731 385 506 904 28 358 207 126 150 882 151 74 453 174 227 630 123 517 873 873 605 133 478 634 250 166 559 115 924 425 838 738 607 835 765 875 113 103 26 745 252 868 474 634 142 749 157 1000 771 141 446 798 748 81 254 79 37 434 684 937 258 857 458 941 220 905 789 87 847 406 284 765 645 227 655 112 3 972 639 357 680 218 350 497 875 404 442 194 290 110 903 236 335 767 385 278 612 398 13 420 457 277 451 915 944 598 342 946 480 642 34 392 185 732 881 249 524 251 892 626 102 83 398 611 753 34 988 325 596 823 345 131 641 75 170 352 852 668 919 232 635 40 405 150 643 666 790 539 207 752 384 295 457 214 431 644 835 312 24 638 18 885 631 562 739 137 302 591 675 744 219 526 645 212 279 259 847 320 811 627 530 286 47 279 999 342 652 487 622 836 878 594 393 996 58 827 994 227 477 918 719 142 657 349 908 611 205 859 62 627 139 197 901 954 687 563 696 403 666 744 587 569 301 841 742 98 662 706 985 816 135 331 94 98 154 627 90 280 170 836 339 674 808 188 786 493 646 107 25 40 642 592 692 792 986 249 807 963 1 685 539 68 986 458 329 54 963 449 755 158 782 708 656 760 559 569 636 899 138 558 864 133 604 406 637 255 601 522 980 175 723 941 919 890 326 59 102 976 634 524 915 454 871 626 489 533 836 591 712 932 790 477 619 754 607 9 926 35 945 708 314 514 907 35 488 279 288 264 727 580 514 42 783 959 303 150 700 823 380 997 460 942 746 279 777 482 954 292 82 975 634 734 115 939 35 599 443 143 500 596 92 51 11 296 200 693 590 778 111 692 782 818 464 180 967 535 476 294 271 271 822 120 358 958 544 545 32 556 824 12 667 232 321 1000 114 394 380 600 159 687 293 918 518 154 578 474 819 148 616 847 346 582 4 612 402 26 342 769 143 825 840 525 141 562 851 399 985 30 330 838 531 639 347 297 393 183 418 298 330 934 558 670 547 430 807 445 243 326 275 591 95 986 412 856 916 953 941 861 433 157 14 553 589 859 22 662 776 153 903 179 527 898 621 91 357 526 252 747 646 199 28 135 811 911 518 864 179 741 520 122 332 830 93 58 789 120 972 51 466 171 91 541 952 683 632 326 530 781 959 498 194 562 446 976 552 540 636 665 413 172 540 766 937 872 822 886 889 566 453 527 436 499 144 45 136 395 432 890 987 254 573 951 587 716 580 629 457 369 392 671 842 213 357 697 123 417 370 565 671 409 126 839 233 70 387 796 123 943 591 126 670 747 869 558 395 239 798 195 428 766 472 636 610 713 7 753 109 514 659 980 149 919 385 16 387 834 740 756 743 833 285 805 372 767 507 35 484 2 274 761 927 587 176 623 561 233 157 464 90 627 872 582 237 362 141 617 849 223 365 601 765 975 266 308 362 330 789 549 916 286
1 2
2 3
2 4
2 5
4 6
4 7
6 8
6 9
6 10
9 11
9 12
3 13
2 14
11 15
1 16
3 17
7 18
10 19
4 20
19 21
13 22
9 23
5 24
3 25
19 26
8 27
17 28
2 29
27 30
13 31
30 32
8 33
6 34
12 35
34 36
23 37
21 38
33 39
15 40
21 41
19 42
31 43
5 44
34 45
27 46
26 47
10 48
2 49
44 50
48 51
15 52
30 53
12 54
20 55
46 56
4 57
4 58
53 59
43 60
54 61
36 62
9 63
44 64
19 65
18 66
19 67
18 68
25 69
38 70
1 71
64 72
35 73
19 74
10 75
66 76
5 77
75 78
34 79
21 80
16 81
66 82
31 83
43 84
49 85
2 86
78 87
50 88
67 89
26 90
84 91
33 92
80 93
46 94
3 95
59 96
95 97
53 98
69 99
72 100
79 101
78 102
58 103
49 104
47 105
100 106
4 107
14 108
70 109
84 110
23 111
41 112
49 113
102 114
30 115
20 116
22 117
80 118
49 119
36 120
16 121
72 122
11 123
106 124
106 125
33 126
74 127
28 128
99 129
72 130
9 131
55 132
94 133
89 134
54 135
68 136
112 137
103 138
70 139
29 140
60 141
44 142
58 143
117 144
24 145
112 146
94 147
93 148
93 149
119 150
29 151
17 152
147 153
54 154
77 155
35 156
53 157
35 158
83 159
63 160
4 161
136 162
94 163
163 164
102 165
61 166
97 167
53 168
136 169
36 170
77 171
30 172
107 173
113 174
37 175
48 176
142 177
70 178
110 179
5 180
59 181
138 182
133 183
88 184
39 185
108 186
160 187
103 188
167 189
95 190
121 191
184 192
7 193
2 194
90 195
137 196
74 197
126 198
125 199
82 200
74 201
122 202
89 203
63 204
104 205
130 206
111 207
30 208
143 209
60 210
208 211
46 212
172 213
30 214
123 215
184 216
128 217
145 218
191 219
10 220
60 221
105 222
162 223
38 224
160 225
115 226
78 227
16 228
48 229
46 230
63 231
10 232
12 233
55 234
37 235
152 236
117 237
121 238
52 239
118 240
92 241
94 242
221 243
195 244
219 245
105 246
156 247
47 248
10 249
226 250
97 251
208 252
5 253
145 254
213 255
215 256
228 257
225 258
145 259
5 260
197 261
182 262
210 263
54 264
121 265
78 266
185 267
165 268
72 269
150 270
129 271
256 272
68 273
138 274
93 275
183 276
51 277
107 278
120 279
233 280
8 281
71 282
76 283
180 284
123 285
183 286
167 287
241 288
15 289
104 290
78 291
124 292
185 293
150 294
232 295
128 296
67 297
58 298
72 299
242 300
171 301
167 302
266 303
37 304
37 305
87 306
255 307
267 308
12 309
8 310
81 311
66 312
172 313
241 314
71 315
303 316
19 317
310 318
210 319
164 320
34 321
276 322
175 323
215 324
129 325
138 326
167 327
215 328
190 329
178 330
110 331
151 332
261 333
240 334
288 335
210 336
133 337
224 338
32 339
242 340
55 341
234 342
241 343
4 344
344 345
208 346
45 347
47 348
122 349
333 350
141 351
283 352
270 353
165 354
328 355
2 356
229 357
38 358
290 359
197 360
304 361
84 362
174 363
307 364
255 365
268 366
187 367
276 368
38 369
251 370
22 371
300 372
136 373
198 374
241 375
266 376
167 377
272 378
164 379
69 380
151 381
359 382
118 383
35 384
348 385
11 386
203 387
364 388
275 389
65 390
390 391
273 392
335 393
28 394
344 395
154 396
133 397
396 398
67 399
171 400
316 401
351 402
12 403
264 404
43 405
87 406
329 407
44 408
221 409
87 410
72 411
338 412
389 413
264 414
338 415
190 416
286 417
99 418
11 419
221 420
21 421
86 422
50 423
66 424
281 425
89 426
130 427
219 428
207 429
28 430
65 431
255 432
198 433
98 434
175 435
177 436
28 437
294 438
264 439
24 440
318 441
411 442
390 443
220 444
342 445
307 446
415 447
259 448
225 449
36 450
373 451
236 452
297 453
174 454
169 455
434 456
235 457
133 458
111 459
2 460
419 461
265 462
326 463
354 464
164 465
107 466
71 467
403 468
88 469
407 470
412 471
83 472
458 473
73 474
305 475
261 476
468 477
163 478
361 479
437 480
368 481
36 482
288 483
188 484
353 485
188 486
164 487
128 488
393 489
215 490
305 491
144 492
25 493
101 494
299 495
430 496
294 497
361 498
246 499
431 500
245 501
33 502
90 503
278 504
242 505
151 506
303 507
124 508
377 509
222 510
380 511
127 512
202 513
88 514
190 515
175 516
352 517
193 518
175 519
412 520
466 521
433 522
42 523
306 524
309 525
302 526
15 527
1 528
210 529
160 530
381 531
486 532
486 533
177 534
226 535
40 536
535 537
516 538
299 539
31 540
348 541
286 542
401 543
60 544
161 545
265 546
414 547
261 548
478 549
70 550
139 551
209 552
96 553
391 554
471 555
542 556
140 557
103 558
479 559
210 560
467 561
375 562
548 563
556 564
231 565
250 566
99 567
169 568
477 569
79 570
278 571
251 572
41 573
397 574
235 575
359 576
216 577
189 578
258 579
144 580
285 581
357 582
541 583
284 584
108 585
200 586
409 587
274 588
527 589
269 590
231 591
389 592
459 593
92 594
70 595
235 596
327 597
292 598
506 599
107 600
313 601
294 602
252 603
508 604
217 605
598 606
180 607
25 608
340 609
196 610
492 611
79 612
153 613
340 614
111 615
304 616
191 617
259 618
392 619
162 620
108 621
81 622
115 623
74 624
221 625
69 626
225 627
163 628
452 629
207 630
297 631
302 632
626 633
486 634
99 635
228 636
65 637
108 638
196 639
383 640
243 641
415 642
117 643
401 644
60 645
642 646
428 647
66 648
64 649
295 650
171 651
461 652
332 653
335 654
247 655
589 656
615 657
76 658
598 659
430 660
529 661
504 662
80 663
98 664
55 665
608 666
282 667
51 668
349 669
4 670
242 671
659 672
308 673
77 674
607 675
441 676
189 677
630 678
642 679
375 680
429 681
508 682
250 683
603 684
608 685
532 686
624 687
122 688
468 689
457 690
687 691
159 692
351 693
92 694
209 695
633 696
690 697
207 698
578 699
665 700
320 701
424 702
356 703
72 704
27 705
671 706
39 707
129 708
296 709
259 710
442 711
461 712
123 713
429 714
348 715
518 716
50 717
705 718
708 719
465 720
110 721
91 722
71 723
390 724
269 725
705 726
320 727
590 728
469 729
230 730
111 731
363 732
313 733
158 734
322 735
690 736
416 737
575 738
677 739
227 740
18 741
372 742
537 743
248 744
283 745
321 746
330 747
501 748
93 749
291 750
79 751
68 752
535 753
270 754
450 755
635 756
305 757
716 758
346 759
157 760
134 761
286 762
29 763
604 764
581 765
600 766
33 767
179 768
701 769
361 770
265 771
222 772
229 773
558 774
337 775
35 776
597 777
731 778
273 779
457 780
395 781
756 782
560 783
323 784
69 785
116 786
516 787
329 788
558 789
243 790
504 791
542 792
460 793
429 794
437 795
786 796
199 797
474 798
501 799
786 800
58 801
22 802
25 803
782 804
257 805
244 806
20 807
123 808
377 809
268 810
15 811
580 812
549 813
248 814
663 815
617 816
365 817
722 818
287 819
544 820
509 821
596 822
78 823
160 824
595 825
601 826
182 827
77 828
720 829
129 830
355 831
369 832
780 833
80 834
535 835
164 836
186 837
513 838
493 839
189 840
407 841
698 842
85 843
116 844
307 845
548 846
553 847
201 848
39 849
754 850
631 851
115 852
193 853
441 854
835 855
540 856
597 857
47 858
134 859
525 860
815 861
314 862
542 863
276 864
122 865
294 866
853 867
193 868
757 869
747 870
393 871
552 872
471 873
641 874
220 875
19 876
224 877
686 878
406 879
484 880
387 881
41 882
881 883
248 884
675 885
118 886
399 887
613 888
251 889
36 890
455 891
140 892
271 893
442 894
606 895
854 896
664 897
801 898
61 899
543 900
302 901
756 902
38 903
596 904
171 905
552 906
90 907
501 908
609 909
362 910
487 911
785 912
294 913
297 914
351 915
811 916
392 917
566 918
773 919
477 920
434 921
193 922
60 923
301 924
453 925
177 926
684 927
506 928
497 929
730 930
835 931
320 932
537 933
380 934
928 935
54 936
392 937
524 938
169 939
102 940
147 941
415 942
601 943
180 944
515 945
372 946
167 947
712 948
212 949
295 950
602 951
696 952
20 953
914 954
404 955
343 956
823 957
631 958
715 959
834 960
842 961
719 962
322 963
30 964
369 965
343 966
184 967
448 968
150 969
890 970
80 971
786 972
400 973
89 974
25 975
454 976
119 977
378 978
394 979
163 980
875 981
964 982
660 983
404 984
22 985
751 986
768 987
868 988
281 989
348 990
570 991
90 992
849 993
52 994
270 995
787 996
696 997
550 998
398 999
602 1000
