100
93941950 511887459 14527721 662640871 511360471 537881854 895210898 912399096 978343714 253231750 577959761 614361862 101752712 111933638 392137559 959653276 390682832 924729005 472438680 319027829 131173564 610924022 349953121 911693903 128853210 726156371 463613367 19063068 143231543 694485020 157501160 27415882 39887933 981819358 854345730 570776408 990546881 425340387 936803724 576295686 133619892 24567389 315454098 36039570 434594160 251715342 112480642 987724684 719598354 782793391 664260828 942754739 986723672 864942187 341729732 847684090 48985917 46913058 876715724 442424190 842322624 805484699 611805764 762328219 434181871 453628040 824519063 959809022 648953846 878037717 695961504 323192837 294037789 46110156 303363862 936139898 436248272 160201201 458755635 18596113 378560645 279220760 912715673 643641140 11900434 594708486 210428957 255348212 933735841 686493034 760440194 21610212 803206547 831991597 889887868 909209023 898268956 3215423 47217153 405392446
1 2
2 3
3 4
4 5
5 6
6 7
7 8
8 9
9 10
10 11
11 12
12 13
13 14
14 15
15 16
16 17
17 18
18 19
19 20
20 21
21 22
22 23
23 24
24 25
25 26
26 27
27 28
28 29
29 30
30 31
31 32
32 33
33 34
34 35
35 36
36 37
37 38
38 39
39 40
40 41
41 42
42 43
43 44
44 45
45 46
46 47
47 48
48 49
49 50
50 51
51 52
52 53
53 54
54 55
55 56
56 57
57 58
58 59
59 60
60 61
61 62
62 63
63 64
64 65
65 66
66 67
67 68
68 69
69 70
70 71
71 72
72 73
73 74
74 75
75 76
76 77
77 78
78 79
79 80
80 81
81 82
82 83
83 84
84 85
85 86
86 87
87 88
88 89
89 90
90 91
91 92
92 93
93 94
94 95
95 96
96 97
97 98
98 99
99 100
