2787
2899
1048
4194
2432
4256
1476
1769
3654
3172
1162
1405
4883
3922
4273
816
3802
3823
2145
682
662
2646
1992
2738
873
2067
1645
1973
3129
3574
1837
3585
1228
4341
245
676
2965
4406
847
4788
2665
4463
1585
70
3001
981
1494
3134
3658
1016
4788
1635
3018
45
185
483
4890
1108
4419
3212
175
806
1832
4459
2747
4110
347
4589
2841
3832
2214
1755
3043
997
4905
1329
4662
881
4064
2639
1286
2624
3800
3073
4573
511
3845
1071
977
2005
4914
2361
1713
2159
3729
1561
1404
954
2388
3651
1366
970
1193
1246
453
864
4265
4516
3545
2140
71
1214
1568
854
852
124
1862
1781
3524
3026
2449
1998
1688
3013
3544
1708
3564
3901
1888
4761
4753
4094
2334
440
1806
46
88
3362
4887
1055
584
3845
2524
2022
2504
3545
1065
2448
2185
1968
4613
197
3626
1409
113
1703
2975
1216
2849
4458
3784
4039
1358
1236
507
4566
607
866
3924
4586
784
4936
815
307
2039
4549
3019
3146
572
513
1538
4204
442
39
255
3023
3964
1345
1283
1325
1659
1057
3488
2936
626
1518
4307
4103
3037
3041
3471
4109
2435
684
810
3085
836
4945
1910
2962
3135
1990
3697
1351
1727
1226
4489
1907
1523
3213
4725
4572
435
1176
4857
1633
4259
569
1622
2240
1383
3245
4523
3187
2860
2558
2714
2348
3661
4650
2380
3481
872
4096
1578
1062
4100
3935
1633
3140
2439
4788
946
636
3834
614
2322
4475
1159
3360
408
2213
850
5
3016
4513
117
4970
3581
22
3815
1104
855
1945
3276
2512
339
393
2777
1862
1998
4917
3584
1903
653
3943
634
4600
387
3875
787
144
3823
3697
4115
1923
2312
3708
3507
474
1405
1210
1799
651
1175
2522
2548
3723
684
2607
4381
521
4702
2123
1628
4374
1013
2024
4371
3251
1195
3541
1960
2502
3138
4430
839
4679
4016
1190
2750
2455
3087
537
131
4923
1579
2173
3988
2198
3758
1905
4051
3333
3126
4126
2773
4384
369
2742
3912
305
691
3590
580
1741
1412
630
4507
3286
3747
692
3992
45
3445
964
4441
1788
2713
3166
1917
3697
4001
4501
2016
2780
3321
4907
3481
344
3942
281
720
2884
4897
3530
3786
3056
3891
1521
3227
3197
1192
2049
3931
2308
4638
4050
1385
593
2396
2968
1517
148
434
1644
3540
2926
1329
1062
4938
3406
3196
1725
3923
4205
4077
507
1347
1877
2276
3991
1548
2149
2815
3126
3787
364
4703
3343
2576
3456
3523
3099
4008
1692
1121
4800
920
4092
2221
4980
52
1556
4125
2844
993
3981
4621
201
2162
4706
4774
4091
3259
4959
1500
4529
1721
3928
4535
3843
1638
2794
3346
1200
3490
4257
1868
33
1893
742
130
2178
670
4606
3809
1742
1864
3070
3413
1034
4141
3406
1129
2523
2578
1338
667
3911
4178
3854
81
3961
4054
4086
2954
3220
2664
42
2231
3135
3663
1814
3517
4210
800
1976
1762
3423
1003
111
978
3943
2382
568
688
1989
3231
1747
4582
4779
1953
2305
1485
173
2458
3808
2238
478
2619
4395
3246
1600
4692
4076
312
465
1688
4257
1951
491
4938
4015
579
3415
3910
410
3762
230
4433
3752
899
1063
563
287
406
2311
1604
2466
4633
700
371
3915
3263
3397
4747
1799
3607
1753
2530
626
2629
3108
4711
1124
3074
2848
224
4954
2874
4367
311
1626
3517
2533
657
1954
497
3452
303
2722
2479
2665
39
350
3861
3398
4611
276
4518
2971
3280
1185
121
1713
612
2610
881
2692
1991
2125
2117
4532
2246
3478
1568
4182
3242
3747
3633
2156
3136
1148
211
3091
1194
1845
3197
1799
726
3333
424
1024
1080
1923
4405
2779
4646
2168
3481
3162
1485
3821
1756
29
797
412
1541
506
4558
2941
804
1615
709
927
3831
396
3023
4884
1810
4122
3976
3638
1191
3
4939
4497
2389
4270
3782
653
4291
1226
1899
2646
2094
3735
4107
3780
3893
1116
1839
1335
4089
1635
1994
777
3238
1173
4450
3837
249
593
1780
1583
4552
2570
3365
4530
4839
1040
2261
2529
4194
640
145
4056
4187
4884
990
525
3071
1250
1483
3193
2377
3302
1176
4718
653
1570
4968
1280
1794
50
2945
4432
3243
3640
1412
2170
1368
1760
3929
4456
2303
836
1130
3242
3694
657
549
4421
2393
925
4507
1294
403
3412
3329
1565
1296
1998
4860
1641
2119
1862
416
1769
168
4760
4772
1310
2977
62
4168
4672
2663
3296
3312
1849
3578
1139
274
788
3289
3398
2872
806
739
4735
202
231
4053
1923
4821
1158
4609
3394
1411
2007
2810
3005
2594
236
1073
1087
2338
4240
2517
2870
4013
3452
1877
557
4632
813
3341
862
535
3608
4572
987
1487
741
2697
1980
1014
2154
2884
4361
4508
2028
4994
1958
3314
932
1091
3975
1729
4820
2440
4289
1987
715
1325
2305
1298
474
4776
4974
4668
4566
1692
4229
2006
2034
3224
4881
2351
3901
4741
377
169
4791
2694
1547
4538
3574
1711
674
571
1353
2693
3879
2697
135
2882
2454
1012
2442
2219
3018
3721
1316
1114
211
995
1244
4062
1755
4921
35
438
4704
1132
2068
324
3953
4293
3261
2105
2512
2642
5
1794
1055
2608
3944
4387
4807
4435
3366
4681
3074
4982
2184
756
792
1790
4245
1557
4815
2847
1618
4576
2153
2818
2470
1394
87
3286
2310
4290
2515
1608
1131
1721
3254
4840
4650
526
2881
256
4548
2154
2580
2626
3144
2449
552
1551
237
3810
2579
4643
2496
375
4541
2684
851
2877
162
2911
2164
4021
2761
795
2055
935
4217
4745
3843
1717
2509
2849
4818
1715
4104
41
2431
3789
4752
1491
808
1374
3116
2204
3796
2905
3887
2735
1842
2110
3667
1648
4875
4218
3671
4901
645
1125
1581
619
2119
3386
1463
3406
369
1017
3821
4426
1230
1421
2121
3490
4747
1934
3749
2571
3987
3648
3954
518
3316
303
1759
2235
3281
2
633
1750
352
3896
4083
4560
2812
2062
3460
3272
1194
2511
3880
39
4357
4396
3090
4600
123
3515
3683
3174
2192
1559
2565
743
1785
2666
1565
72
202
3493
1317
3144
3921
3600
1511
1256
1181
3383
1079
1727
1075
127
2432
804
1253
2366
248
4571
3757
2099
2474
4427
1861
3669
3572
370
4487
913
1340
4949
21
1416
4004
270
605
538
1618
700
2833
1467
298
3094
1132
187
2552
3045
2667
2576
3256
426
3181
2079
3788
1943
4342
2965
2680
4645
3396
3047
2312
538
3712
4215
3032
350
4225
665
4169
3247
2267
98
3419
3167
2661
1852
165
702
2662
4276
1409
2348
3088
2146
659
2042
2161
525
568
4750
2116
2766
3878
1921
428
3562
1648
1998
3389
859
3790
2531
4839
3553
2506
1107
1705
3498
1120
2017
510
498
3430
4626
1805
4043
2383
3596
1195
2892
2306
551
1176
4080
2340
1257
3899
1371
3078
2084
303
2143
2138
231
1533
74
2994
278
1634
3517
2908
4923
1923
631
2345
247
3561
3056
3564
3322
3653
3016
1550
116
1447
2964
1700
2178
1868
4867
1875
3719
3934
3808
3768
4069
4171
4161
932
4646
3832
700
3117
3787
2731
3614
3196
4887
911
3666
4458
1201
3911
3526
1362
3756
4467
823
3470
878
4692
1532
2113
3414
1250
3625
3122
112
7
1101
1144
3245
2818
2785
3899
4585
2315
3425
4436
2921
193
4646
1083
775
2320
2315
2634
4155
3675
4706
2356
1824
4791
3013
147
1665
4325
2578
154
1727
1952
262
165
2541
740
1889
1507
447
2859
1712
470
2523
331
3014
2506
3744
2183
654
1825
3689
3773
1850
1026
634
4059
1983
1247
3317
352
1890
2074
3196
1586
124
3484
3850
2718
2511
498
3307
3216
2159
2740
1575
2254
2000
3825
1117
4912
180
4513
2448
136
1754
4409
1183
327
3351
4960
1368
2725
1378
1636
3700
409
1310
1565
1703
270
54
1191
1875
1818
3727
2576
571
1023
3431
4704
2924
1967
1306
3179
3672
2404
704
3566
3700
402
1555
1954
3809
4461
3998
1569
204
734
3133
4351
2122
4245
2227
4077
831
3028
2270
921
2635
3057
2432
192
1289
3413
3013
2917
815
549
1296
4381
646
641
492
81
1274
305
4331
3928
538
2658
3767
3784
4635
270
2477
1959
1729
4070
4166
701
2289
1164
2340
2516
4080
4354
47
1211
1746
4441
1813
1069
665
712
3220
3102
241
809
3777
61
3677
3544
3487
31
4954
1023
2592
1633
906
2073
1681
1738
916
767
3836
2691
3265
243
1473
416
2026
3026
2314
773
2091
2779
3583
2802
3335
3401
1883
2467
2911
8
3630
4700
1538
4282
786
3695
2124
4458
1148
3059
2311
4440
3
4467
2720
3174
2509
2314
532
354
3503
1702
2037
2637
2704
2378
2973
1384
4948
2379
2081
4793
1931
4173
3063
2003
4292
4885
2945
4331
721
2958
729
1731
4343
2337
96
3732
2160
4307
3013
4449
1957
4624
1402
74
2700
4652
2933
2351
2800
3072
4342
2021
3451
4272
106
154
1773
1292
2677
3640
3039
3437
2594
1265
2908
4372
3033
1240
2744
1160
2772
1157
404
2015
411
4674
3040
3842
4183
3527
1780
3613
2763
3313
4991
4162
2828
4783
2957
131
2239
2483
1324
517
49
2992
4492
3982
3603
1907
1523
1215
1475
1050
3509
1133
3423
2131
196
4686
4396
1161
83
2116
3057
1410
2964
3123
101
506
2807
4592
1481
250
403
309
3599
2520
266
3486
1830
2477
4821
3091
1792
3327
431
323
902
15
38
3783
1526
3669
943
2752
2998
1928
4701
4904
2058
1784
1782
2348
2448
1959
760
623
2986
1246
1106
2270
2438
2831
4900
2317
4425
848
3734
4914
4981
3839
3632
4967
4381
4956
3026
126
3685
2556
2973
4360
289
1345
3726
921
3890
3610
1879
2601
4413
3817
1213
4032
2379
4053
646
3784
3573
4286
1195
1667
3977
2545
1402
768
4337
4471
1105
2640
2793
343
2033
2133
2612
1957
1838
2061
1560
3930
251
4452
3913
762
2238
1612
65
4300
4118
2534
284
1655
2922
3484
1308
2438
2072
4632
1335
2124
4418
2980
264
272
3570
4954
1240
983
441
235
1301
2626
793
121
3509
1383
450
1247
605
2899
1903
4745
4794
4
1847
4319
1676
1317
4445
280
1200
668
2325
2672
981
621
1436
1890
987
1346
4280
181
1112
3350
794
2047
4187
272
2204
4982
2180
4187
3288
2289
3867
2799
3756
159
4524
4860
980
2067
3819
1971
2818
407
2076
1503
918
591
962
3915
200
3816
2224
4185
2284
4787
1899
1451
1302
2090
3297
314
923
3144
980
4373
1691
1488
3836
4606
2047
4176
1295
1252
1315
3566
2581
2659
1621
3612
3106
543
987
1270
3851
3381
3162
3102
795
1384
783
1191
3232
692
3688
3841
2179
2745
3176
1776
4418
2092
2688
305
3665
3833
325
321
2079
2484
1667
2649
3705
1769
1219
99
3529
1078
4035
4460
4941
4627
4792
1664
4797
1014
1533
2283
2074
876
3473
4399
1321
1328
3704
4811
2139
2943
512
2012
2152
2374
600
2215
265
4256
577
1316
4684
1875
2620
4140
2539
2609
3739
649
4278
3650
2770
4356
2272
1263
3772
1575
2947
786
1231
1180
1528
3445
485
2452
2610
130
870
3991
957
696
473
4925
2459
4920
1313
4337
4355
1226
1617
1669
4149
852
3132
2895
3601
1579
3154
600
1459
4483
2865
4294
2744
3020
736
1850
3585
4122
1102
3011
3439
2297
2886
4858
4195
22
5
1103
3521
1774
4588
95
3095
2095
4193
778
1985
1783
410
2188
3989
4107
2676
2519
2426
3297
897
3124
2886
4914
26
4173
4750
4699
1246
1493
4662
2202
3041
1575
2513
3034
102
4268
3138
1579
2499
1572
4897
610
2226
2595
3630
792
2000
4952
4983
668
1401
291
791
600
4626
2154
2213
3347
3174
1792
1723
4675
1083
4052
57
132
4462
1881
1632
4658
609
196
2236
2922
4047
1732
4216
2955
4126
2822
4803
2669
4962
1799
983
606
4490
604
4982
4879
4048
2951
4657
1248
2382
301
988
4486
226
4175
51
605
1765
3504
4969
4622
1538
3386
95
2603
3449
2565
2397
3849
4068
2746
277
710
2871
1975
2351
709
1829
546
2969
1270
1442
3623
1902
3260
1988
52
611
2940
1820
3674
4299
2209
1766
912
3916
995
2962
4784
1156
551
1490
1135
1272
4613
2616
389
1333
2734
1178
3408
409
2054
447
4624
1567
612
2670
4782
192
1748
2415
4539
2865
1988
751
3628
3292
2025
543
2493
3698
4310
294
2443
2879
3706
2320
1487
3302
4448
249
1269
2872
4313
3668
2889
2815
4363
4567
3988
1182
3981
4966
3743
3649
4724
721
3236
1530
578
2808
3525
1872
2663
1267
4142
1629
2036
804
426
3432
124
1082
4595
1225
771
1165
3990
4577
3335
1593
1865
4994
184
4214
4329
2991
1470
3563
2480
1602
459
1136
3874
651
716
204
4232
1138
1454
4911
830
419
4354
4291
2022
649
3591
1419
3296
1578
2145
4161
1152
3660
59
3838
2812
3948
1877
20
3290
387
3530
2080
995
4796
2180
415
4969
2950
2682
1562
4302
4253
3661
2541
3558
2234
4909
1258
1844
4680
4917
831
1819
2575
1551
2710
3707
633
1380
28
381
324
909
1952
2307
3792
4185
2410
1106
148
3351
3773
4333
1575
999
1281
3830
354
1768
3178
2568
3973
4965
1835
38
1658
1250
634
2969
2203
3765
2273
3237
1321
3352
451
538
3410
1204
3659
485
4659
4925
1467
2132
4429
3081
3524
2108
433
749
1080
3863
2990
1007
2054
1820
265
4589
3864
4317
3635
4257
1068
3324
3224
353
2096
3526
3278
3705
2603
1391
2389
3036
456
2030
606
1659
2265
2180
2879
822
2964
3455
4018
546
3001
3281
1603
3037
3335
1808
4756
2799
220
1114
149
1099
1989
1176
2926
2512
4897
1537
649
3803
2186
4190
941
3615
1179
261
1351
895
3933
405
1889
3861
3306
1519
767
2509
4997
605
1736
3380
4611
321
4853
1975
1004
1147
4642
2058
1305
4502
4719
2585
1017
4977
3800
4483
784
4542
684
238
300
1342
1116
1186
882
2140
2620
3171
3469
529
4355
780
2037
2175
461
3822
1579
2981
719
973
862
1166
1967
1272
1804
2450
4849
3749
4329
1503
2261
1919
2258
918
902
3531
3256
3891
4675
2152
3929
3995
4595
609
3855
455
52
684
826
3110
2578
1643
2064
2279
2786
85
1008
2580
4097
4166
1072
316
3953
2344
3524
3435
2853
1775
3511
2564
3613
4757
1792
2371
1112
1832
1907
480
1063
486
653
1954
3260
3233
1402
2609
992
2469
2045
2396
629
1438
4488
2752
2812
4327
2802
2523
3216
2620
1510
1998
2249
4788
963
654
4437
3704
4855
465
3780
1832
3965
4298
2125
4681
4616
1994
3748
2731
2590
2061
1012
3739
656
3114
3377
2007
200
1750
1496
2506
3808
89
3084
4860
4943
2534
1355
3057
827
4444
1074
3163
2420
2969
3586
497
1902
2059
3598
1455
175
2990
1108
582
4008
3079
1928
45
246
513
1193
3409
247
3096
4349
4217
453
2954
2108
3392
1638
120
119
4073
2999
3264
767
2417
4486
487
801
427
4324
4181
2980
693
4008
2146
2059
1230
2825
3095
1716
666
3948
2634
2591
3251
706
774
3329
3869
4804
1807
1384
318
48
106
4046
2403
352
2555
4666
1023
1675
4336
531
4075
1871
1322
230
2552
3213
3002
4650
2349
4998
3073
793
1821
134
671
160
122
3490
4532
710
4631
47
3423
365
3499
2045
2382
23
680
3984
4919
2266
1910
4779
3497
2693
3660
4648
2935
4918
824
1742
2810
3003
737
3820
574
2428
3097
2519
2148
2127
2087
4094
2210
3872
4284
4695
4978
1733
2686
2868
2078
3048
249
4596
837
3040
1970
2157
3572
3618
2298
4488
4586
4677
3488
4507
2159
3015
1775
3798
4352
934
3452
4363
1855
1792
4659
583
349
2374
2199
878
1689
2500
954
4043
3841
1054
681
3913
4354
4147
1261
4787
3124
3405
545
2815
1574
3542
745
2522
3562
4463
4359
3225
1861
2977
1685
3392
4872
3535
2624
3693
1211
4267
1266
684
3490
412
2293
3565
2447
2081
2135
4426
3081
3984
3008
4501
3153
3394
4277
1329
1142
1222
247
3788
4900
4365
3566
939
2146
776
3564
