2902
1049
-1
-1
-1
-1
-1
-1
-1
-1
1409
-1
-1
-1
-1
3803
3826
-1
683
664
-1
1993
-1
-1
-1
-1
-1
-1
-1
-1
-1
-1
-1
-1
-1
2966
4409
-1
-1
2666
4469
-1
-1
3005
-1
-1
-1
3659
-1
-1
-1
3019
46
-1
-1
-1
-1
-1
-1
-1
808
1838
-1
-1
-1
-1
4591
-1
-1
-1
-1
-1
-1
-1
1331
-1
883
-1
-1
1289
2626
-1
-1
-1
-1
-1
-1
-1
2008
-1
-1
-1
-1
-1
-1
-1
-1
-1
-1
1381
-1
1195
-1
458
-1
4269
4519
-1
-1
-1
-1
-1
-1
-1
125
-1
-1
-1
-1
-1
-1
1689
3018
-1
-1
-1
-1
-1
-1
-1
-1
-1
443
-1
48
89
3364
-1
1058
-1
-1
2525
-1
2509
-1
-1
-1
-1
1980
-1
-1
-1
1415
115
-1
-1
-1
-1
-1
-1
-1
-1
1238
-1
-1
-1
881
-1
4589
-1
-1
818
-1
2042
4555
3022
-1
-1
-1
-1
4205
-1
40
-1
3029
3966
1353
1286
1328
-1
-1
-1
-1
631
-1
-1
-1
-1
3046
-1
-1
-1
-1
-1
-1
-1
4951
1913
2963
-1
1991
-1
-1
-1
1229
-1
-1
1525
-1
-1
-1
-1
-1
-1
-1
4261
580
1623
-1
1389
3246
4525
-1
-1
-1
-1
-1
-1
-1
-1
3489
-1
4098
-1
-1
4105
-1
-1
-1
-1
-1
-1
638
-1
-1
-1
-1
1160
-1
-1
2215
-1
6
-1
4516
-1
-1
3583
23
-1
-1
-1
1949
-1
-1
341
396
-1
-1
-1
-1
-1
-1
655
3949
-1
-1
-1
-1
-1
-1
3826
-1
4120
1928
-1
-1
-1
-1
1409
1212
-1
-1
-1
-1
-1
-1
-1
-1
-1
523
-1
2126
-1
-1
1018
2026
-1
3253
1196
3543
-1
-1
3153
4433
841
-1
4019
-1
-1
2458
-1
-1
132
-1
-1
-1
-1
-1
-1
-1
4052
3338
3130
4129
-1
-1
382
-1
-1
309
695
-1
583
-1
-1
-1
-1
3289
-1
-1
3993
46
3449
965
4442
-1
-1
3169
-1
-1
4003
-1
-1
-1
-1
-1
3489
-1
-1
283
-1
-1
-1
-1
-1
-1
-1
-1
-1
-1
1193
2050
3932
-1
-1
-1
-1
596
2398
-1
-1
-1
-1
-1
-1
-1
1331
-1
4939
-1
-1
-1
3926
4208
-1
-1
-1
-1
-1
-1
-1
-1
2818
3130
-1
-1
-1
3345
-1
-1
-1
3106
-1
-1
1123
-1
922
-1
2222
4983
53
-1
-1
-1
995
-1
4622
-1
-1
-1
-1
4093
3260
-1
-1
-1
-1
3929
-1
-1
-1
-1
-1
-1
-1
-1
-1
36
1899
-1
131
-1
-1
-1
3812
-1
1866
-1
3415
-1
4143
-1
1130
-1
-1
1339
-1
3918
-1
-1
-1
-1
-1
-1
-1
-1
-1
-1
-1
-1
-1
-1
-1
4211
802
-1
-1
-1
-1
-1
-1
3949
-1
-1
-1
-1
-1
-1
-1
-1
-1
2306
-1
-1
2459
-1
-1
-1
-1
-1
3250
1601
-1
-1
-1
466
1689
-1
1959
492
4939
-1
-1
3419
-1
412
-1
232
4436
-1
902
1066
565
-1
-1
2315
1609
-1
4639
-1
-1
-1
3265
-1
-1
-1
-1
-1
2531
631
2630
-1
-1
1126
-1
-1
-1
-1
-1
-1
313
-1
-1
-1
-1
-1
-1
-1
305
-1
-1
2666
40
-1
-1
3399
-1
-1
-1
-1
3284
-1
122
-1
-1
-1
883
-1
1992
-1
-1
4533
2248
-1
-1
-1
3244
-1
-1
-1
-1
-1
212
3093
-1
1849
-1
-1
-1
3338
429
1025
-1
1928
4406
-1
4649
-1
3489
-1
-1
3823
-1
30
-1
415
-1
509
-1
-1
-1
-1
-1
-1
-1
398
3029
-1
1811
-1
-1
-1
-1
4
4943
-1
2392
-1
-1
655
-1
1229
1901
-1
-1
-1
-1
-1
-1
-1
1840
-1
-1
-1
-1
-1
3242
-1
-1
-1
250
596
-1
1595
-1
-1
-1
-1
4840
1042
-1
2530
-1
641
149
-1
-1
-1
991
-1
-1
1252
1489
3200
-1
-1
-1
-1
655
-1
-1
1282
-1
52
2949
-1
-1
-1
-1
-1
-1
-1
3931
-1
-1
-1
1132
3244
-1
-1
551
4423
2396
-1
-1
-1
404
-1
3331
1569
-1
-1
-1
-1
2120
-1
418
-1
-1
-1
-1
1312
-1
64
4184
-1
2665
3299
-1
1852
-1
-1
-1
-1
3292
3399
-1
808
-1
-1
205
-1
-1
1928
-1
-1
4610
-1
-1
-1
2815
3011
-1
239
-1
-1
-1
4241
-1
-1
4016
-1
-1
-1
-1
-1
-1
863
-1
3609
-1
-1
-1
-1
-1
1982
-1
-1
-1
-1
-1
-1
-1
-1
-1
933
1093
-1
-1
4822
2441
4295
-1
-1
1328
2306
1299
-1
-1
-1
-1
-1
-1
4231
-1
-1
3226
-1
2353
-1
-1
-1
180
-1
-1
-1
4541
-1
-1
-1
-1
1359
2699
-1
-1
-1
2883
-1
1013
-1
-1
3019
-1
-1
-1
212
996
1245
-1
-1
-1
-1
-1
-1
1133
-1
-1
-1
-1
-1
2110
-1
2643
6
-1
1058
2609
-1
-1
-1
-1
-1
4682
-1
-1
-1
-1
-1
-1
4246
-1
-1
-1
1619
-1
2155
2819
-1
-1
-1
3289
-1
-1
2518
-1
-1
-1
-1
4846
-1
529
-1
258
-1
-1
-1
2629
-1
-1
-1
-1
-1
-1
-1
4645
-1
-1
4545
-1
-1
-1
-1
-1
2165
4022
-1
-1
-1
-1
-1
-1
-1
-1
2510
-1
-1
-1
-1
43
-1
-1
-1
-1
809
-1
-1
-1
-1
-1
-1
-1
-1
2111
-1
1655
-1
-1
-1
-1
649
-1
-1
620
2120
3389
-1
-1
382
-1
3823
4429
1231
-1
-1
-1
-1
-1
-1
-1
-1
-1
-1
-1
3319
305
-1
-1
-1
3
636
-1
-1
-1
4084
-1
-1
2063
-1
-1
-1
-1
-1
40
-1
-1
3091
-1
124
-1
-1
-1
-1
1563
-1
-1
-1
2683
1569
-1
205
-1
-1
-1
-1
-1
1515
-1
1186
-1
-1
-1
-1
-1
-1
-1
-1
-1
249
-1
-1
2101
-1
-1
1864
3688
-1
-1
-1
915
-1
-1
-1
-1
-1
-1
606
541
1619
-1
2843
-1
299
-1
1133
-1
-1
-1
-1
-1
-1
-1
3183
-1
-1
-1
-1
2966
-1
4646
3398
-1
-1
541
-1
4219
-1
-1
4226
-1
-1
-1
-1
-1
3421
-1
-1
1856
166
-1
2663
-1
1415
-1
-1
-1
660
2045
2164
-1
-1
-1
2119
-1
-1
-1
-1
-1
1655
-1
3391
862
-1
2532
4840
-1
-1
-1
-1
-1
-1
-1
-1
499
-1
-1
1808
4045
2384
-1
1196
-1
2309
559
-1
-1
-1
-1
-1
-1
-1
2089
305
2153
2141
-1
-1
-1
-1
-1
-1
-1
-1
-1
1928
633
-1
-1
-1
-1
-1
3323
3658
-1
-1
118
-1
-1
-1
-1
-1
-1
-1
-1
-1
-1
-1
4083
-1
-1
933
4649
-1
-1
-1
-1
-1
-1
-1
-1
913
-1
-1
1202
3918
-1
-1
-1
-1
824
-1
-1
-1
-1
2116
-1
1252
-1
-1
-1
-1
-1
-1
3246
2819
-1
-1
-1
2318
-1
4439
-1
195
4649
-1
-1
2321
2318
-1
-1
-1
-1
-1
-1
-1
3018
-1
-1
-1
-1
-1
-1
-1
263
166
-1
-1
1891
-1
-1
2861
-1
-1
-1
332
-1
-1
-1
-1
-1
-1
-1
-1
-1
-1
-1
4061
1984
-1
-1
-1
-1
-1
-1
-1
125
-1
-1
-1
-1
499
-1
-1
-1
-1
-1
-1
2003
-1
-1
-1
181
4516
-1
-1
-1
4411
-1
-1
-1
4961
-1
-1
-1
1639
-1
410
1312
1569
-1
-1
-1
-1
-1
1822
-1
-1
-1
1024
-1
-1
-1
-1
1310
-1
-1
2406
-1
-1
-1
-1
1559
-1
3812
-1
3999
1583
-1
-1
3138
4353
2123
4246
-1
-1
-1
-1
-1
-1
-1
-1
-1
193
1290
3415
3018
-1
818
551
-1
-1
-1
643
495
-1
-1
309
-1
3929
541
2659
-1
-1
-1
-1
-1
1963
-1
-1
4168
-1
-1
-1
-1
-1
-1
-1
-1
-1
-1
4442
-1
1082
-1
-1
-1
-1
242
811
-1
62
-1
-1
-1
32
-1
1024
-1
-1
909
-1
1682
-1
919
-1
-1
-1
3280
-1
-1
418
2029
-1
-1
-1
-1
-1
3593
-1
-1
-1
-1
-1
-1
9
-1
-1
-1
4283
-1
-1
-1
-1
-1
-1
2315
-1
4
-1
-1
-1
2510
-1
-1
-1
3509
-1
-1
-1
-1
-1
-1
-1
-1
-1
2083
-1
1933
-1
3065
2005
-1
-1
2949
-1
-1
-1
-1
-1
4349
-1
99
-1
-1
-1
3018
4451
-1
-1
-1
-1
-1
4659
-1
2353
-1
-1
-1
-1
-1
-1
109
-1
-1
-1
-1
-1
3041
-1
-1
1266
-1
-1
-1
1243
-1
1163
-1
-1
409
2018
-1
-1
-1
-1
-1
-1
-1
3616
-1
3316
-1
4163
-1
-1
-1
132
2242
2486
1325
-1
-1
-1
4493
3984
3606
-1
1525
-1
-1
-1
3511
1138
-1
2132
-1
-1
-1
-1
86
2119
-1
-1
-1
-1
103
509
-1
-1
1483
251
404
310
3602
-1
-1
-1
1831
-1
-1
3093
-1
-1
433
-1
904
16
39
-1
-1
3688
953
-1
2999
1929
-1
4906
-1
-1
-1
-1
-1
1963
-1
-1
2990
-1
-1
-1
2440
2833
-1
-1
-1
849
-1
-1
-1
3844
-1
-1
-1
-1
-1
-1
-1
-1
-1
-1
-1
1353
-1
-1
-1
-1
-1
-1
-1
-1
1219
-1
-1
-1
-1
-1
-1
4289
1196
-1
-1
2549
-1
-1
-1
-1
-1
-1
-1
-1
-1
-1
2615
-1
1839
-1
-1
-1
253
-1
-1
-1
-1
1613
66
-1
-1
-1
-1
1658
-1
-1
-1
2440
-1
-1
-1
-1
-1
-1
265
-1
-1
-1
1243
984
-1
-1
1303
2629
-1
122
3511
1389
-1
-1
606
2902
-1
-1
-1
5
-1
-1
-1
-1
-1
-1
-1
-1
-1
-1
-1
-1
-1
-1
-1
-1
-1
183
-1
-1
-1
-1
-1
-1
-1
-1
2182
-1
-1
-1
-1
-1
-1
160
-1
-1
-1
-1
-1
-1
2819
-1
-1
-1
-1
-1
-1
-1
202
-1
-1
-1
-1
-1
1901
1453
-1
2092
-1
-1
-1
-1
-1
-1
1693
-1
-1
-1
-1
-1
-1
1255
1318
-1
2582
2662
1622
-1
3109
545
-1
-1
3853
-1
-1
-1
-1
-1
-1
-1
3233
-1
3691
-1
-1
-1
-1
-1
-1
2095
-1
309
-1
3838
326
-1
-1
-1
-1
2650
-1
-1
1220
100
3533
-1
-1
4463
-1
-1
-1
1669
-1
-1
-1
-1
-1
-1
-1
4405
1322
1329
-1
-1
-1
-1
515
2015
-1
-1
-1
2218
269
-1
-1
-1
-1
-1
2621
-1
2543
2612
-1
650
-1
-1
-1
-1
-1
1265
-1
-1
-1
-1
1236
1181
-1
3449
-1
2453
-1
131
-1
-1
-1
-1
-1
-1
2460
4924
1315
-1
-1
1229
-1
1681
4153
-1
-1
-1
-1
-1
-1
-1
1465
4486
-1
-1
-1
-1
-1
-1
-1
-1
1103
3013
3443
-1
-1
-1
4196
23
6
1109
-1
-1
-1
96
3098
2096
-1
-1
-1
-1
412
-1
3992
-1
-1
2521
2433
-1
-1
-1
-1
-1
29
-1
-1
-1
-1
1495
-1
-1
3046
-1
-1
-1
-1
-1
3153
-1
-1
-1
-1
613
-1
-1
-1
-1
2003
-1
4989
-1
-1
-1
-1
-1
-1
-1
2215
-1
-1
-1
-1
-1
-1
4055
-1
138
-1
-1
-1
-1
-1
-1
-1
-1
-1
-1
-1
-1
4129
-1
4804
-1
-1
-1
984
610
4492
605
-1
-1
-1
-1
-1
-1
-1
-1
-1
4490
229
-1
-1
606
-1
-1
4980
4629
-1
3389
96
-1
3453
-1
-1
3851
-1
-1
-1
-1
-1
-1
2353
-1
1830
-1
2986
-1
-1
3624
-1
3263
-1
53
-1
-1
-1
-1
4303
-1
-1
-1
-1
996
2963
-1
-1
559
-1
-1
-1
-1
-1
393
1338
-1
-1
-1
410
-1
-1
-1
-1
-1
-1
-1
193
-1
-1
-1
-1
-1
-1
-1
3295
-1
545
-1
3802
4315
-1
-1
-1
-1
2321
-1
-1
-1
250
-1
-1
-1
-1
-1
2818
4364
-1
-1
-1
-1
4969
-1
3652
-1
-1
3238
-1
-1
-1
-1
-1
2665
-1
-1
1630
2038
-1
-1
-1
125
1086
4598
-1
-1
1166
-1
-1
-1
-1
-1
-1
186
-1
-1
-1
-1
-1
2483
-1
-1
-1
-1
-1
-1
-1
4238
1145
-1
-1
832
421
-1
-1
-1
650
-1
-1
3299
-1
-1
-1
-1
-1
60
3839
-1
-1
-1
22
-1
-1
-1
2081
996
-1
2182
416
4980
-1
-1
-1
-1
4258
-1
-1
-1
-1
4910
-1
1845
-1
-1
-1
-1
-1
-1
-1
-1
636
-1
-1
-1
-1
911
-1
-1
-1
-1
2411
-1
-1
-1
-1
-1
-1
-1
-1
-1
-1
-1
-1
-1
-1
4966
-1
39
1660
1252
-1
2986
2206
-1
-1
-1
1322
-1
452
541
-1
-1
3662
-1
4660
-1
-1
2138
4430
-1
-1
-1
436
-1
-1
3866
2995
-1
-1
-1
269
4591
-1
-1
-1
-1
-1
-1
3226
359
2098
-1
-1
-1
-1
-1
2392
-1
-1
-1
610
-1
-1
2182
-1
-1
-1
3459
-1
-1
3005
-1
-1
-1
-1
1810
-1
-1
223
-1
151
-1
-1
-1
-1
-1
-1
-1
650
3809
2189
4192
943
-1
-1
-1
-1
-1
-1
-1
1891
-1
-1
-1
-1
2510
-1
606
-1
-1
-1
-1
4859
-1
1006
-1
4643
-1
-1
4504
-1
-1
-1
-1
-1
4486
-1
-1
-1
-1
-1
-1
-1
1189
-1
-1
2621
-1
3481
530
-1
-1
-1
-1
463
-1
-1
-1
-1
-1
863
1180
-1
-1
1805
-1
-1
-1
-1
-1
-1
1920
2260
-1
904
-1
-1
-1
-1
-1
3931
-1
4598
-1
-1
-1
53
-1
-1
3113
-1
1646
-1
-1
-1
-1
-1
-1
-1
4168
-1
-1
-1
-1
-1
-1
-1
-1
3529
2566
3616
-1
-1
-1
-1
1838
-1
482
1066
-1
655
-1
3263
3236
-1
2612
993
2480
2046
2398
-1
-1
-1
-1
-1
-1
-1
-1
-1
2621
-1
-1
-1
-1
-1
-1
-1
-1
-1
466
-1
1838
-1
-1
-1
4682
-1
-1
-1
-1
-1
-1
1013
-1
659
-1
-1
-1
202
-1
-1
-1
-1
90
-1
-1
4945
-1
-1
-1
-1
4449
-1
3165
2423
2986
-1
-1
-1
-1
-1
-1
-1
2995
-1
-1
-1
-1
1929
46
248
-1
1195
-1
-1
-1
4351
-1
458
-1
-1
3396
-1
121
-1
-1
3001
-1
-1
-1
4490
-1
-1
-1
-1
-1
-1
-1
-1
-1
-1
1231
2829
3098
-1
-1
-1
-1
2593
3253
-1
-1
3331
-1
4805
-1
-1
319
50
109
-1
-1
-1
-1
4681
1024
-1
-1
-1
-1
-1
1324
232
-1
-1
-1
-1
-1
-1
-1
-1
-1
-1
-1
163
123
-1
4533
-1
4633
-1
-1
-1
3503
2046
-1
24
-1
3986
4920
2269
1913
-1
-1
2699
-1
-1
-1
4919
829
-1
2815
-1
-1
-1
-1
-1
-1
2521
-1
-1
-1
-1
-1
-1
-1
4801
-1
-1
-1
-1
-1
-1
250
-1
-1
-1
-1
-1
-1
-1
-1
-1
4589
-1
-1
-1
-1
-1
-1
-1
-1
-1
-1
4364
-1
-1
4660
586
353
-1
-1
-1
1690
2501
-1
4045
-1
-1
-1
-1
-1
-1
-1
-1
-1
-1
549
2818
-1
-1
-1
-1
-1
4469
4363
-1
1864
-1
-1
3396
-1
-1
2626
3698
-1
-1
1280
-1
-1
415
2299
-1
-1
2083
-1
4429
-1
3986
-1
-1
3155
-1
-1
1331
-1
-1
-1
-1
-1
-1
-1
941
-1
-1
-1
