905
1 56 20 98 175
1 21 12 111 170
1 13 167 168 193
1 10 125 109 133
1 56 137 61 139
1 10 77 176 131
1 18 26 120 146
2 146 83
1 134 89 141 166
1 3 103 62 119
1 3 31 38 90
1 59 6 61 168
2 48 66
1 171 19 174 137
1 96 71 192 96
2 146 78
1 138 76 139 84
1 3 32 181 114
1 27 21 56 191
1 30 61 68 157
1 5 77 129 130
2 185 53
1 58 68 174 185
1 119 14 126 87
1 84 99 97 104
1 31 31 121 39
1 11 30 125 105
1 106 57 170 163
1 154 116 180 127
1 138 67 174 124
1 148 6 195 126
1 36 50 169 143
2 84 140
1 30 8 101 192
1 59 67 157 114
1 10 102 53 124
1 103 34 107 83
2 68 165
1 172 129 182 177
1 70 22 78 177
1 31 28 46 190
2 119 177
1 73 42 187 185
1 25 162 176 175
1 2 181 23 190
1 66 91 138 93
1 113 108 137 110
1 90 191 93 194
2 120 88
1 177 4 199 122
1 48 118 194 159
1 38 80 70 129
1 23 8 111 32
1 5 15 153 148
1 79 74 91 159
1 41 57 128 156
1 95 81 197 139
1 60 52 143 79
2 70 194
1 6 62 83 82
1 138 68 198 86
1 122 101 134 131
1 37 66 166 198
1 13 181 186 182
1 130 62 139 187
1 180 11 195 125
1 158 35 197 96
1 140 46 184 78
1 81 106 91 162
1 16 102 93 130
1 180 23 193 131
1 160 63 179 68
1 109 97 111 127
2 63 163
1 63 97 81 200
1 98 161 125 196
1 12 117 190 161
2 93 3
2 51 33
1 75 23 173 69
2 119 26
1 60 46 75 158
1 8 29 111 155
1 143 10 164 200
1 51 95 178 105
1 190 18 195 129
1 72 11 162 164
1 27 113 29 148
1 65 74 116 112
1 80 65 162 171
2 22 184
1 169 138 199 157
1 16 21 135 117
1 100 111 108 156
1 96 38 182 118
2 10 125
1 71 23 125 177
1 4 69 196 159
1 30 143 54 191
1 19 75 121 97
2 72 39
1 73 104 86 148
2 64 137
1 15 1 46 62
2 10 165
1 178 27 185 121
1 85 111 115 179
1 87 137 163 158
1 103 8 153 62
2 59 179
1 63 107 176 150
1 20 46 60 64
1 14 48 93 90
2 135 37
1 106 62 198 126
1 36 111 101 122
1 77 86 136 115
1 156 31 186 98
1 101 74 171 138
1 107 15 179 186
1 12 26 192 181
1 115 61 143 128
1 25 79 90 196
1 6 169 164 173
1 10 76 58 152
1 8 39 102 108
2 94 153
1 23 66 75 146
1 142 13 151 119
1 127 105 192 132
1 38 134 186 189
1 87 57 128 186
2 134 92
1 90 94 93 99
1 20 95 33 131
1 13 122 142 189
2 125 132
1 37 46 161 191
1 27 16 150 86
1 61 4 90 133
1 43 155 196 169
1 15 8 197 171
1 8 80 200 135
2 139 1
1 85 32 137 183
2 104 148
1 78 109 159 152
2 106 141
2 127 71
1 9 113 87 150
1 21 38 83 169
2 32 108
2 160 98
1 18 18 183 20
1 23 139 191 164
2 123 1
1 118 55 132 139
2 85 149
1 83 80 132 109
1 3 106 157 116
1 131 105 149 190
2 70 116
1 159 65 194 76
1 47 22 108 138
2 112 68
1 138 89 172 118
1 24 138 73 150
1 46 22 79 138
1 54 27 172 100
1 165 139 193 173
1 116 72 158 102
1 57 63 62 197
1 3 102 34 186
1 2 53 79 110
2 32 35
2 130 188
1 10 121 142 196
2 177 27
2 6 199
1 111 119 135 132
1 39 4 118 86
1 7 108 156 119
2 188 197
2 38 31
1 74 121 117 143
1 114 108 198 126
1 181 15 199 30
1 100 27 186 124
1 73 38 79 86
1 5 25 77 147
1 11 132 174 135
1 99 174 132 185
1 104 123 198 154
2 126 161
1 103 137 176 149
1 67 51 124 56
1 47 61 119 200
2 144 21
2 115 0
1 17 75 138 195
2 142 199
1 52 21 198 34
2 163 70
1 34 12 110 154
1 81 85 181 86
1 70 29 182 170
1 60 80 191 111
1 40 9 190 122
1 11 79 37 113
1 46 130 199 157
1 57 45 128 153
1 100 41 101 58
2 32 127
1 46 99 137 160
1 100 82 125 155
2 53 70
1 57 39 173 91
1 31 91 184 177
1 97 61 146 149
1 28 36 117 103
1 154 32 160 108
1 8 59 41 193
1 88 151 146 196
1 75 122 177 167
2 178 125
1 8 2 42 200
1 27 129 98 166
2 191 152
1 142 167 186 197
1 16 9 34 147
1 63 44 149 108
1 46 119 144 137
1 49 60 173 95
1 106 169 163 174
1 79 86 107 94
2 16 174
1 30 64 153 145
1 41 1 102 89
1 107 22 121 122
1 26 118 42 185
1 37 83 155 119
2 40 4
2 101 192
1 84 108 119 112
1 0 189 110 200
1 38 77 175 102
1 28 99 47 183
1 91 150 114 188
1 81 36 153 58
1 109 72 154 181
1 115 124 122 189
1 18 130 23 180
1 26 150 159 189
2 129 142
2 21 173
1 5 46 198 110
1 97 8 189 114
1 64 49 190 161
1 27 50 53 143
1 31 62 160 199
1 117 57 193 59
1 48 103 59 131
1 172 30 191 195
1 45 23 58 75
1 151 54 196 167
1 142 123 168 189
1 49 33 177 121
1 54 47 103 191
1 130 90 189 166
2 30 13
2 155 136
1 81 10 169 29
1 94 11 161 61
1 72 155 121 186
1 46 74 113 115
1 36 84 101 88
2 189 190
1 35 167 53 168
1 63 21 140 76
1 55 10 69 88
1 122 103 155 134
1 32 113 170 189
1 20 30 63 70
2 154 169
1 184 152 195 181
1 1 74 101 92
1 147 88 196 90
1 6 113 134 137
1 24 75 69 131
1 36 167 164 192
1 47 159 187 198
2 61 37
1 103 126 124 160
1 33 143 153 148
1 3 29 94 179
1 83 124 193 147
1 41 155 99 172
1 3 2 184 30
1 0 22 72 190
1 15 76 21 98
1 75 116 197 152
1 19 57 111 173
1 186 23 191 33
1 72 64 162 196
1 28 147 32 171
1 55 144 103 174
1 69 37 78 80
1 12 24 54 175
1 154 27 197 91
1 76 78 132 115
1 45 130 53 177
1 27 91 114 184
1 127 26 129 175
1 19 27 137 137
1 49 29 82 47
2 106 17
1 36 155 131 198
2 155 1
1 65 131 184 193
1 43 19 124 118
2 172 28
1 139 101 173 138
2 186 197
1 121 1 161 179
1 64 114 93 134
1 116 27 124 70
1 33 9 86 54
1 59 25 191 143
1 30 25 42 158
1 52 83 100 161
1 166 120 171 145
1 66 33 190 60
2 25 177
1 31 157 183 185
1 62 9 117 114
1 80 79 195 146
1 47 27 153 188
1 32 44 119 128
1 73 44 127 106
1 150 0 164 189
1 31 136 193 199
2 160 158
2 167 182
1 156 42 160 136
1 65 72 96 87
1 161 113 197 173
1 125 17 178 197
2 54 81
1 147 175 199 196
1 73 128 139 151
1 3 124 68 141
1 30 53 113 183
1 55 86 60 157
1 45 155 88 192
1 100 1 139 194
1 73 53 166 153
1 182 62 193 95
1 25 10 81 197
2 72 61
1 34 93 107 107
1 42 1 76 83
1 42 45 163 114
1 3 3 37 28
1 10 58 149 119
1 131 140 178 148
1 38 1 60 59
2 78 84
1 41 147 158 185
2 180 122
1 3 26 30 128
1 50 2 190 5
1 157 36 198 109
1 38 93 156 184
1 76 43 89 52
1 110 63 128 181
1 1 32 34 163
1 121 57 182 60
1 19 103 111 113
1 94 41 161 138
1 119 133 179 176
1 51 100 164 140
1 25 17 155 32
1 57 22 110 158
1 26 16 159 76
1 129 60 199 128
1 28 184 106 193
1 66 176 172 192
1 23 93 40 187
2 117 2
1 142 115 165 172
2 107 63
1 122 3 138 95
1 39 51 134 113
1 154 110 165 174
2 131 49
1 125 109 171 186
1 107 35 137 191
1 161 74 177 184
1 13 95 27 166
1 37 62 91 95
1 36 38 199 135
1 10 158 178 171
2 149 3
1 45 171 165 176
1 19 42 151 116
1 46 37 93 126
1 2 4 145 132
2 142 131
1 36 122 61 191
2 84 18
1 109 82 189 164
2 73 90
2 93 121
1 53 11 142 51
2 16 31
1 6 4 178 101
1 83 52 151 57
1 123 76 134 190
1 102 54 161 146
1 3 13 60 162
2 117 98
1 85 124 97 199
1 49 102 166 132
2 159 80
1 62 109 89 191
2 46 48
1 144 55 195 72
1 15 154 140 164
1 29 129 81 159
1 92 139 180 144
1 49 38 162 93
1 53 61 158 179
1 97 91 143 179
1 159 160 168 169
1 89 69 160 146
1 55 10 72 16
1 45 53 155 76
1 79 71 148 101
1 126 37 142 89
2 80 117
1 0 61 190 168
2 81 102
1 17 119 19 163
2 94 156
1 22 7 69 102
1 6 4 132 114
2 21 111
1 16 136 89 167
2 93 101
1 82 37 149 124
1 171 133 199 142
2 92 173
2 133 34
1 44 138 100 193
1 177 36 179 110
1 94 64 154 150
2 171 11
1 108 94 171 126
1 113 57 159 119
1 18 27 34 60
1 88 122 157 126
2 119 125
1 111 106 128 124
1 3 3 133 54
1 92 158 103 160
1 111 118 131 141
2 12 19
1 144 10 178 124
2 178 54
1 11 183 159 197
2 161 26
2 108 194
1 154 145 179 163
2 121 116
1 37 106 67 122
1 64 67 199 119
1 7 88 89 120
1 117 48 125 188
1 13 87 45 134
1 29 1 140 128
1 48 11 51 143
1 56 16 180 95
1 77 143 189 169
1 85 75 132 142
2 50 185
1 3 31 53 164
2 28 68
1 21 75 158 139
1 83 134 132 170
1 22 119 198 165
1 66 79 116 159
1 43 58 161 166
1 88 92 103 169
1 36 15 162 157
1 137 121 148 137
1 136 72 161 142
1 163 16 188 117
2 80 113
1 60 8 82 176
2 91 49
1 23 90 151 182
1 116 157 159 171
1 27 147 100 150
1 7 118 187 166
2 68 162
1 92 170 188 195
1 133 17 179 44
2 193 123
1 81 30 111 64
2 78 190
1 50 33 124 91
1 48 184 86 191
1 0 117 75 183
1 33 33 184 61
1 42 24 151 90
1 43 72 114 87
1 172 40 198 44
1 109 70 172 145
1 48 68 108 174
1 34 98 175 128
1 72 11 171 21
1 97 25 164 131
1 46 60 144 72
1 140 51 180 132
1 1 37 168 172
1 120 34 138 75
1 41 113 169 143
1 33 5 138 38
2 116 52
1 10 110 58 166
1 25 35 106 124
1 140 83 151 87
2 165 193
1 64 22 134 115
1 15 78 87 165
1 170 10 175 163
1 18 17 188 89
1 69 2 123 80
1 67 19 165 150
2 64 24
1 32 67 77 114
1 124 82 194 167
1 6 64 25 148
1 61 10 85 79
1 87 15 98 60
1 39 7 98 91
1 119 145 156 192
2 64 144
1 90 106 179 116
2 131 142
1 134 7 159 133
1 14 73 184 197
1 91 60 124 149
1 41 13 131 188
1 67 93 121 192
1 103 48 141 155
2 199 123
2 160 12
2 69 50
2 76 56
1 143 44 177 56
1 44 143 187 169
1 82 46 182 174
1 42 79 67 104
1 102 115 164 200
2 171 25
1 149 45 193 192
2 83 183
1 132 29 177 130
1 113 143 151 178
1 8 132 82 154
1 75 50 180 135
2 7 195
1 19 140 87 193
1 10 46 42 192
1 119 34 159 193
2 99 1
1 61 147 118 194
2 176 82
1 55 101 115 168
1 23 29 189 105
1 21 0 40 55
1 124 112 149 118
1 37 52 182 123
2 13 7
2 100 171
1 115 118 154 180
1 15 47 26 120
1 110 1 176 124
1 60 63 174 129
1 0 147 176 167
2 28 63
1 132 10 169 53
1 50 80 135 111
1 95 37 107 151
1 143 23 154 177
2 35 193
2 57 29
1 51 2 121 198
2 200 138
1 113 97 116 105
1 164 158 179 170
1 20 68 57 166
1 87 157 156 159
2 138 38
1 185 32 198 198
1 60 74 120 83
1 41 145 88 191
2 97 186
1 24 22 113 123
1 116 0 147 104
1 144 25 147 121
1 64 68 103 161
1 86 60 170 104
1 136 82 159 145
1 52 27 105 50
1 18 183 70 195
1 85 101 155 120
1 111 53 136 71
1 88 157 105 179
1 159 10 188 120
1 52 47 100 106
2 85 5
2 59 177
1 92 189 119 195
2 59 164
1 113 60 158 103
1 55 53 115 152
1 24 80 54 193
1 29 40 122 51
1 102 23 191 100
1 13 58 70 140
1 127 188 173 193
1 57 17 154 117
1 70 114 180 135
1 62 105 198 167
1 89 0 175 199
1 108 111 171 112
1 97 52 147 150
1 3 13 128 158
1 84 68 175 154
1 62 23 142 85
2 199 123
2 114 177
1 102 37 129 183
1 40 56 151 176
2 124 186
1 65 23 67 48
1 11 63 140 189
1 75 129 162 150
2 47 184
1 60 4 197 157
1 78 76 141 139
1 52 7 165 185
1 7 12 87 124
1 156 0 199 110
1 112 128 150 149
1 169 105 199 129
1 0 46 55 198
1 76 25 128 27
1 53 152 86 188
1 47 6 94 185
1 18 78 75 135
1 20 51 108 143
1 74 88 187 179
1 48 0 73 71
1 66 74 137 195
2 104 73
1 37 29 109 127
1 55 90 172 100
1 18 30 182 73
1 150 3 151 84
1 51 179 52 189
1 66 97 98 149
1 70 114 139 179
1 7 124 18 148
1 102 114 189 161
1 67 52 147 78
1 55 72 173 112
1 16 8 66 54
1 4 144 50 173
1 90 40 114 146
1 154 79 191 159
1 3 37 23 173
1 131 52 176 67
1 20 128 183 158
2 71 60
2 22 11
1 6 103 74 113
1 37 36 192 148
1 12 149 143 152
1 19 59 166 161
1 7 60 109 77
1 54 99 95 180
1 72 48 181 68
2 43 134
1 161 181 190 189
1 39 7 171 119
1 155 27 174 141
2 150 103
2 182 124
1 58 1 159 186
2 73 85
1 66 42 154 117
1 34 52 102 53
1 112 133 135 193
1 44 113 171 181
1 37 2 159 72
1 21 6 99 79
2 59 59
2 153 43
1 57 37 68 173
2 125 72
1 55 87 100 143
1 13 31 157 109
1 22 85 105 101
1 19 114 45 190
1 119 76 146 98
2 194 167
2 121 83
1 11 1 76 116
1 81 124 186 132
1 154 19 159 199
1 82 79 171 194
2 30 148
1 130 93 156 130
2 90 131
1 30 152 187 189
1 80 59 182 138
1 20 139 71 179
1 83 74 103 178
1 17 29 56 48
1 103 71 105 84
1 120 105 152 114
1 3 128 4 144
1 46 132 154 193
1 15 9 135 127
2 165 6
1 76 63 199 179
1 165 120 196 141
1 166 93 172 146
1 1 68 189 143
1 4 102 118 170
2 91 2
1 7 19 42 152
2 91 0
2 197 151
1 23 25 151 41
1 108 60 148 106
1 106 96 161 158
1 60 101 109 194
1 141 94 154 178
2 42 96
1 154 41 200 58
1 24 46 120 189
1 46 32 184 116
1 51 170 145 192
1 176 126 195 198
1 8 116 168 135
1 71 19 88 69
2 129 74
1 43 56 151 72
1 26 59 66 107
1 104 38 117 172
1 28 47 129 181
1 9 111 140 138
1 7 1 129 128
1 25 70 139 98
1 20 102 137 123
1 32 60 70 192
1 10 24 100 39
1 34 58 76 179
1 34 61 133 189
1 26 43 28 113
1 89 57 175 142
1 58 20 172 58
1 10 130 94 182
1 99 174 194 185
1 24 176 34 182
1 5 38 60 197
1 125 10 147 46
1 48 20 57 70
1 101 11 126 84
1 157 10 159 76
1 153 28 168 200
1 68 51 178 96
1 104 71 173 90
1 75 97 180 131
1 121 34 144 147
1 18 1 46 185
1 48 9 172 43
1 123 80 169 169
1 0 73 111 85
2 22 5
2 89 81
1 92 161 174 177
1 54 39 63 199
2 72 128
2 28 135
1 95 59 151 88
1 20 127 33 167
1 11 45 23 56
2 173 138
1 125 25 131 137
1 104 85 167 167
1 80 123 86 174
1 107 0 157 152
2 41 10
1 34 106 200 190
1 18 4 63 55
1 98 164 198 194
2 186 42
1 30 138 50 166
1 24 16 147 57
2 53 63
2 9 23
1 11 55 191 81
1 152 24 182 104
1 102 93 130 99
1 26 126 59 190
2 117 184
1 61 79 183 80
1 56 144 123 162
1 114 34 168 118
1 36 149 87 174
2 125 171
1 75 6 97 192
1 29 111 49 143
2 38 96
1 71 108 189 115
1 103 25 115 156
2 11 189
1 20 53 90 109
1 71 6 111 94
1 68 78 173 123
1 14 61 83 181
1 22 68 103 125
1 18 75 164 135
1 22 5 79 186
1 63 156 149 176
2 39 2
1 7 7 178 180
1 175 64 194 200
2 29 115
1 23 129 82 193
1 120 192 181 194
1 94 11 128 118
2 164 39
1 152 10 199 64
1 44 1 131 25
1 109 62 181 105
2 141 173
1 9 41 81 69
1 132 47 188 89
1 106 25 113 89
2 10 91
1 80 136 154 150
1 114 81 158 119
1 31 75 41 80
2 32 171
2 91 126
2 92 72
1 8 52 144 148
1 117 29 141 118
1 20 57 135 131
1 3 97 161 135
1 94 11 183 145
2 22 187
1 27 128 28 147
2 166 5
2 136 0
1 18 144 42 148
1 4 156 70 157
1 47 112 198 115
1 59 133 189 142
2 105 179
1 115 75 164 115
1 82 88 133 170
1 17 9 175 17
2 2 44
1 29 131 155 190
1 154 129 200 170
2 124 98
1 34 17 40 29
2 94 109
2 50 53
1 58 82 182 167
2 88 120
1 104 134 146 169
1 165 7 182 69
1 12 1 115 160
1 184 160 197 191
2 184 23
1 131 82 181 154
1 21 31 92 189
1 157 69 178 150
2 186 145
1 105 7 136 152
1 34 5 182 127
1 117 71 118 142
1 18 68 137 173
2 13 82
1 34 2 43 100
1 103 140 123 181
1 66 119 195 128
