2
7
2
2
27
27
7
2
54
54
50
2
53
11
18
2
54
18
54
104
54
104
54
0
54
54
142
54
142
0
54
54
142
54
54
104
174
54
142
54
104
0
54
104
54
54
142
226
18
104
54
226
11
226
226
226
226
226
298
0
298
298
298
298
298
298
298
363
298
366
298
298
366
298
298
363
363
407
298
298
363
407
363
407
407
363
407
298
104
363
407
298
298
407
298
407
407
407
298
407
298
407
298
464
298
407
464
298
104
298
298
298
407
299
480
298
298
407
407
407
298
298
298
407
104
407
407
298
407
407
407
298
298
298
407
298
298
464
464
298
298
298
298
407
407
582
582
582
298
407
298
767
298
407
407
298
767
767
464
407
407
407
407
299
790
407
767
464
407
407
407
298
407
582
582
407
299
298
464
464
407
767
298
407
