1
1000 10
1 2
1 3
2 4
1 5
5 6
2 7
4 8
1 9
9 10
10 11
1 12
12 13
3 14
2 15
7 16
7 17
6 18
16 19
2 20
18 21
13 22
13 23
20 24
18 25
11 26
24 27
12 28
24 29
23 30
27 31
30 32
28 33
10 34
24 35
16 36
24 37
24 38
25 39
36 40
6 41
6 42
31 43
30 44
37 45
3 46
28 47
30 48
35 49
15 50
29 51
7 52
34 53
36 54
9 55
52 56
16 57
24 58
51 59
41 60
12 61
15 62
20 63
44 64
35 65
37 66
6 67
49 68
23 69
17 70
16 71
48 72
41 73
2 74
39 75
6 76
33 77
44 78
10 79
32 80
70 81
10 82
17 83
64 84
39 85
39 86
35 87
77 88
81 89
68 90
12 91
41 92
17 93
61 94
56 95
30 96
85 97
76 98
28 99
72 100
79 101
14 102
41 103
7 104
18 105
22 106
93 107
49 108
75 109
44 110
54 111
21 112
73 113
59 114
79 115
47 116
108 117
56 118
47 119
100 120
19 121
23 122
13 123
32 124
106 125
78 126
108 127
93 128
91 129
57 130
116 131
93 132
87 133
64 134
21 135
24 136
104 137
112 138
41 139
129 140
36 141
119 142
58 143
22 144
20 145
123 146
82 147
84 148
42 149
1 150
87 151
126 152
136 153
79 154
22 155
149 156
90 157
7 158
149 159
60 160
157 161
115 162
131 163
135 164
57 165
40 166
1 167
165 168
36 169
158 170
105 171
159 172
132 173
58 174
22 175
97 176
31 177
175 178
119 179
111 180
41 181
52 182
84 183
134 184
38 185
47 186
154 187
1 188
48 189
144 190
97 191
182 192
131 193
14 194
170 195
87 196
67 197
111 198
127 199
58 200
70 201
148 202
78 203
70 204
31 205
72 206
12 207
202 208
34 209
44 210
72 211
141 212
125 213
76 214
195 215
22 216
142 217
92 218
152 219
89 220
217 221
139 222
73 223
187 224
117 225
188 226
30 227
194 228
158 229
197 230
94 231
26 232
54 233
89 234
19 235
5 236
196 237
37 238
114 239
16 240
84 241
179 242
232 243
200 244
49 245
236 246
131 247
22 248
223 249
5 250
110 251
155 252
249 253
178 254
8 255
220 256
218 257
128 258
11 259
162 260
54 261
37 262
17 263
94 264
139 265
193 266
75 267
124 268
121 269
60 270
4 271
117 272
207 273
219 274
219 275
211 276
102 277
70 278
146 279
216 280
187 281
159 282
67 283
42 284
168 285
31 286
160 287
230 288
91 289
222 290
87 291
69 292
139 293
63 294
201 295
17 296
31 297
20 298
59 299
237 300
144 301
134 302
232 303
79 304
9 305
78 306
52 307
99 308
57 309
42 310
216 311
43 312
32 313
232 314
302 315
278 316
206 317
28 318
46 319
89 320
224 321
58 322
275 323
30 324
45 325
119 326
304 327
112 328
328 329
183 330
157 331
34 332
190 333
151 334
179 335
80 336
11 337
229 338
246 339
265 340
228 341
309 342
90 343
244 344
159 345
144 346
231 347
48 348
334 349
116 350
210 351
16 352
209 353
347 354
82 355
164 356
191 357
32 358
196 359
230 360
199 361
203 362
227 363
105 364
239 365
290 366
84 367
16 368
93 369
303 370
361 371
204 372
95 373
154 374
77 375
156 376
360 377
122 378
227 379
86 380
133 381
114 382
319 383
300 384
278 385
247 386
185 387
373 388
134 389
160 390
58 391
197 392
340 393
66 394
324 395
374 396
215 397
1 398
314 399
305 400
54 401
174 402
84 403
159 404
312 405
224 406
100 407
189 408
195 409
235 410
342 411
99 412
159 413
20 414
246 415
29 416
182 417
238 418
36 419
209 420
190 421
379 422
355 423
116 424
215 425
117 426
113 427
114 428
69 429
169 430
103 431
131 432
191 433
151 434
161 435
62 436
113 437
228 438
223 439
106 440
56 441
86 442
335 443
144 444
376 445
9 446
439 447
435 448
123 449
215 450
402 451
161 452
207 453
158 454
244 455
241 456
263 457
338 458
378 459
221 460
318 461
71 462
75 463
246 464
209 465
32 466
331 467
393 468
36 469
264 470
234 471
359 472
126 473
103 474
181 475
314 476
104 477
79 478
267 479
442 480
139 481
106 482
158 483
374 484
353 485
83 486
403 487
303 488
477 489
435 490
84 491
60 492
6 493
450 494
401 495
26 496
258 497
221 498
121 499
495 500
375 501
154 502
499 503
276 504
430 505
399 506
74 507
260 508
375 509
164 510
211 511
29 512
271 513
11 514
420 515
302 516
139 517
361 518
318 519
156 520
58 521
317 522
334 523
309 524
29 525
212 526
302 527
292 528
202 529
328 530
331 531
157 532
319 533
456 534
427 535
399 536
440 537
237 538
21 539
194 540
304 541
169 542
381 543
345 544
174 545
310 546
524 547
152 548
202 549
332 550
269 551
40 552
396 553
518 554
194 555
350 556
71 557
412 558
3 559
378 560
419 561
431 562
6 563
220 564
171 565
108 566
183 567
147 568
540 569
542 570
187 571
357 572
364 573
202 574
417 575
379 576
402 577
460 578
523 579
161 580
498 581
383 582
314 583
480 584
107 585
313 586
527 587
189 588
240 589
52 590
72 591
151 592
84 593
498 594
129 595
409 596
125 597
420 598
152 599
365 600
202 601
255 602
6 603
384 604
555 605
186 606
315 607
547 608
65 609
506 610
216 611
180 612
39 613
119 614
281 615
25 616
17 617
329 618
300 619
95 620
51 621
575 622
113 623
106 624
148 625
63 626
48 627
159 628
319 629
214 630
611 631
504 632
377 633
34 634
48 635
299 636
305 637
75 638
407 639
191 640
452 641
31 642
135 643
563 644
233 645
625 646
183 647
475 648
636 649
50 650
81 651
326 652
133 653
454 654
396 655
6 656
540 657
584 658
186 659
143 660
138 661
125 662
480 663
561 664
43 665
180 666
63 667
40 668
145 669
476 670
163 671
560 672
163 673
241 674
271 675
55 676
415 677
643 678
243 679
481 680
437 681
58 682
391 683
231 684
298 685
507 686
279 687
557 688
468 689
4 690
181 691
141 692
538 693
50 694
325 695
35 696
142 697
622 698
94 699
10 700
485 701
192 702
387 703
57 704
166 705
391 706
701 707
138 708
83 709
543 710
126 711
704 712
140 713
171 714
627 715
574 716
426 717
602 718
126 719
498 720
707 721
45 722
140 723
452 724
91 725
88 726
54 727
694 728
298 729
148 730
123 731
598 732
291 733
437 734
29 735
5 736
725 737
415 738
14 739
570 740
379 741
328 742
588 743
209 744
369 745
536 746
17 747
639 748
188 749
466 750
435 751
691 752
115 753
270 754
54 755
592 756
44 757
330 758
167 759
528 760
713 761
737 762
278 763
748 764
632 765
147 766
641 767
26 768
55 769
769 770
336 771
199 772
472 773
4 774
132 775
320 776
548 777
773 778
581 779
667 780
370 781
558 782
58 783
442 784
458 785
543 786
631 787
267 788
671 789
213 790
709 791
16 792
410 793
436 794
558 795
611 796
716 797
339 798
768 799
227 800
149 801
187 802
175 803
225 804
434 805
508 806
218 807
635 808
12 809
520 810
214 811
577 812
78 813
548 814
71 815
557 816
641 817
134 818
330 819
162 820
394 821
512 822
351 823
561 824
732 825
805 826
142 827
213 828
158 829
128 830
215 831
22 832
439 833
174 834
729 835
651 836
776 837
649 838
679 839
341 840
802 841
132 842
511 843
301 844
37 845
598 846
165 847
795 848
208 849
511 850
58 851
376 852
454 853
566 854
111 855
597 856
168 857
566 858
230 859
417 860
332 861
815 862
87 863
855 864
741 865
585 866
296 867
31 868
352 869
90 870
378 871
489 872
38 873
837 874
449 875
728 876
631 877
510 878
171 879
47 880
447 881
131 882
561 883
573 884
59 885
447 886
603 887
285 888
638 889
99 890
808 891
864 892
864 893
889 894
140 895
210 896
871 897
755 898
462 899
418 900
696 901
390 902
643 903
648 904
480 905
84 906
238 907
461 908
83 909
62 910
352 911
859 912
54 913
468 914
63 915
102 916
832 917
565 918
783 919
709 920
750 921
410 922
825 923
653 924
51 925
641 926
723 927
656 928
548 929
705 930
894 931
475 932
657 933
164 934
191 935
347 936
16 937
379 938
628 939
127 940
271 941
476 942
738 943
835 944
604 945
177 946
280 947
671 948
591 949
606 950
100 951
392 952
791 953
727 954
144 955
774 956
733 957
405 958
402 959
100 960
134 961
703 962
359 963
71 964
723 965
713 966
414 967
474 968
157 969
601 970
881 971
417 972
153 973
441 974
495 975
482 976
58 977
803 978
874 979
98 980
870 981
233 982
190 983
916 984
139 985
680 986
140 987
254 988
337 989
447 990
314 991
687 992
51 993
565 994
496 995
32 996
109 997
833 998
827 999
289 1000
12 329 812 753 860 834 789 702 616 256 254 787 311 
12 708 865 650 792 178 610 393 881 449 400 317 828 
12 745 421 577 228 305 821 130 945 560 356 582 930 
12 196 6 813 725 344 143 234 454 585 839 846 230 
12 347 683 506 772 944 922 808 395 81 692 232 819 
12 741 452 78 369 882 740 865 28 124 948 509 592 
12 994 409 376 348 130 136 416 204 693 543 897 793 
12 106 270 933 83 960 430 703 107 180 930 6 950 
12 385 333 522 880 427 591 701 204 731 892 415 526 
12 573 313 535 5 660 926 275 496 176 769 91 584 
12 751 949 899 757 734 329 422 453 519 664 54 173 
12 425 351 327 196 388 531 301 879 562 941 92 893 
12 687 972 898 347 456 647 919 200 946 776 220 758 
12 679 321 364 82 722 122 815 805 909 666 104 921 
12 134 426 801 137 157 846 434 130 775 546 791 373 
12 119 16 567 230 378 728 841 394 318 927 555 675 
12 13 533 559 123 833 756 214 373 961 946 224 922 
12 178 631 183 219 290 229 721 717 817 982 663 357 
12 209 997 669 251 307 179 783 736 925 30 12 931 
10 869 757 544 838 406 168 507 90 274 188 
