100 100
725798752 187594163 618136124 271883451 324924788 765723976 750666202 916373569 718718959 82606065 271619022 324182161 987562202 553339668 764725057 1055829649 43464830 308794509 15119808 709525773 178369397 270042455 252714352 518400670 716615103 783636969 279399860 305057386 244605420 440695888 288699194 1009562480 143064018 122646907 552491119 934432126 14400306 974344095 47628658 319045102 707604855 621475270 349504979 36507145 494065476 1025264799 107242135 223076828 733870620 695635948 326261980 449033032 324994390 764020002 824061881 202529875 266671228 532895451 549797475 280119806 915077350 773199860 1001603897 433587216 991097178 856999615 729173720 722317060 301465622 677936279 370976205 409124412 989013149 430266264 1047793872 578051246 619039880 858955461 10949686 1060580176 761773805 665405509 686450929 640363784 429873356 613310142 716774971 454685337 187717389 701926016 347634428 491806721 614939400 524231307 279720136 412692142 854818641 646685354 755750126 754075129
1 86338213
3
1 924084986
3
2 10949688
3
3
4 182213668
2 171633120
1 469133148
4 587740278
1 1047987057
4 77007153
1 351584062
1 837660815
3
2 1014387294
2 847004653
2 891412260
1 337773888
3
2 397428164
1 483523478
2 139039915
4 208438817
4 617243023
2 594420833
2 741542983
4 207151590
3
2 618322397
1 833674942
2 1060609988
2 693321563
3
2 695753040
2 20684033
4 860601672
4 332766120
3
1 449089357
3
3
2 229449488
1 353440951
3
4 850369402
4 360440923
4 815439295
2 282655392
3
3
1 830191293
2 821674719
2 786426193
4 223931919
4 931900022
1 622160971
2 344880312
4 504051124
4 243462899
4 993846329
1 915501151
1 321019036
3
4 104461841
2 952775262
1 946810775
1 610447761
4 703595565
3
3
2 540638591
1 945533879
1 811156102
4 335664803
1 368443155
2 1017879629
4 218414115
1 210664604
2 382814473
4 350061405
4 583551384
3
3
3
4 253979418
2 189531919
3
3
1 896606177
2 1012870397
4 724575271
1 1022003512
1 544201632
3
2 937968083
4 114140231
1 713388122
2 522367790
