935151
14232253
14579430
14791796
18692971
26735037
33772223
34354643
42782558
59694271
70111418
74976496
84425630
90657519
94330130
106482983
107384519
118287100
121424827
132756462
134265172
138187433
141619217
143634242
152468624
153807565
166666546
179882842
191605745
203545729
206756696
212747417
213628454
224372235
235330118
251321770
252311595
258842497
264544421
264905313
269253158
281898205
284064009
293517065
298015276
300701243
303677711
305399907
306170940
310262499
320933029
324480376
363962200
366876242
379382699
389380212
389873264
409319638
410566490
418732009
423816067
427022856
428155747
437823932
444687745
466320071
467885615
468166028
470355507
478864812
487789440
504879287
510232760
512307140
516626127
521543146
521997046
523116749
523443297
528696794
529615320
536279142
543043383
558932861
569440779
577967449
580309148
596740327
609196473
611437899
611580753
620882814
625732325
626546212
628679168
634045723
678886996
686957751
689028278
708906999
726408456
726859026
731383077
733483589
735402503
740139900
744843342
753182191
754385828
755505143
764839270
765035788
769572380
775339745
783621233
791647483
799788062
805336475
815787012
834354734
836112211
843457817
843876992
844033389
849765539
855788469
859564191
863073452
873403961
874761050
879547770
883349408
887294897
889623008
901514319
906496328
907038876
907471280
919290740
933468372
935834242
936837759
940420860
950059961
952955223
955926974
956926952
960095809
964030646
971051079
974811805
977853773
981847536
982625678
995356929
999535493
1003360230
1003649593
1004532634
1010295429
1017687176
1020345072
1029496928
1030672631
1034908621
1046916061
