200
44 108
64 65
34 123
52 123
72 102
5 75
135 197
43 135
157 179
40 99
15 94
17 153
145 182
104 164
95 167
131 150
7 86
156 162
21 90
37 67
55 110
87 130
54 133
38 54
15 66
85 123
116 182
2 34
9 120
65 187
38 59
37 197
61 148
15 107
1 38
61 164
45 126
79 161
17 175
39 116
15 113
106 200
64 94
9 75
1 121
161 163
16 169
118 180
31 197
148 200
21 200
19 149
70 145
76 194
90 122
19 79
98 196
72 132
19 140
68 166
101 173
172 196
82 167
20 123
86 183
62 143
17 65
32 110
102 124
82 136
160 167
27 109
45 101
30 78
173 186
33 141
45 67
86 190
90 100
17 82
97 188
40 180
141 169
146 176
6 61
53 96
72 144
137 138
114 163
12 55
20 194
11 87
67 113
6 144
9 169
18 53
27 184
63 170
13 122
10 35
109 110
22 104
114 189
2 92
27 131
106 166
94 109
51 64
73 166
107 124
69 137
78 146
12 196
20 97
98 198
42 195
23 146
173 178
118 159
4 42
13 25
75 169
90 165
9 27
27 78
9 109
34 100
10 134
79 171
15 41
115 148
48 174
80 118
33 76
5 29
58 59
83 122
110 200
17 40
102 117
26 199
36 136
104 134
11 92
21 39
40 154
33 52
83 96
120 193
159 195
54 135
163 200
56 129
135 183
87 115
96 119
60 67
83 117
129 180
152 179
40 61
85 172
31 193
27 173
64 66
91 114
145 173
20 116
17 155
103 142
70 98
25 162
102 134
110 148
44 45
52 115
39 180
143 161
80 179
37 182
95 100
33 150
168 182
77 141
34 37
29 125
58 196
29 41
148 195
50 153
55 70
92 173
27 29
16 84
56 195
28 129
124 190
62 137
79 174
69 102
