12 50
K1 K2 R1 R2 R3 R4 R5 B1 B2 O1 O2 O3
11 12 3 9 11 5 8 1 10 4 2 6
7 8 11 1 4 9 6 10
9 7 6 11 5 9 1 4 8 10
11 1 4 7 2 5 6 8 10 9 11 3
7 9 2 3 10 5 1 4
11 12 10 5 6 2 1 4 3 8 9 7
5 4 8 10 6 1
9 2 8 7 1 12 6 11 5 10
4 8 11 10 6
4 12 10 7 2
9 12 3 4 9 2 11 8 1 6
2 5 9
9 7 5 11 12 1 3 4 10 8
3 10 11 5
8 2 10 7 1 4 3 8 12
10 11 6 9 4 1 8 5 2 3 12
6 3 6 1 9 8 2
3 8 7 12
8 5 8 11 6 1 2 10 4
7 11 8 12 6 3 10 2
9 2 5 6 11 8 3 7 10 1
7 8 10 6 2 11 12 5
6 2 11 6 4 8 10
9 12 8 2 7 9 6 3 11 10
9 10 12 1 3 5 8 4 6 2
9 11 3 12 5 10 6 9 4 8
10 9 5 12 6 7 8 1 11 10 2
8 9 4 5 6 3 2 8 11
6 1 10 12 11 7 3
11 8 1 4 11 9 3 7 2 10 12 6
4 6 9 2 12
11 1 4 10 12 2 11 9 5 3 6 7
8 2 8 3 4 6 5 10 12
2 12 1
4 9 6 11 1
5 6 8 4 1 5
8 11 1 9 6 5 10 3 12
10 5 3 4 8 10 7 9 1 12 11
2 3 10
2 1 11
10 2 4 8 3 9 7 5 6 11 12
9 4 1 12 3 5 8 11 10 2
11 9 1 12 11 3 10 6 8 4 5 2
6 9 5 4 10 12 7
9 8 2 5 1 10 9 6 7 3
6 11 3 7 6 8 1
4 10 7 3 11
10 5 2 1 4 3 11 7 9 8 6
3 8 6 11
2 3 2
