2000 1999
2 1
3 1
4 2
5 1
6 2
7 6
8 3
9 3
10 6
11 8
12 4
13 10
14 11
15 7
16 7
17 14
18 17
19 4
20 18
21 12
22 21
23 15
24 12
25 19
26 13
27 24
28 14
29 15
30 17
31 18
32 8
33 23
34 27
35 7
36 5
37 25
38 31
39 15
40 30
41 12
42 40
43 21
44 41
45 21
46 14
47 2
48 34
49 37
50 18
51 10
52 39
53 13
54 43
55 20
56 34
57 27
58 23
59 25
60 12
61 1
62 19
63 60
64 13
65 11
66 26
67 44
68 44
69 10
70 47
71 25
72 35
73 54
74 49
75 46
76 50
77 19
78 64
79 77
80 2
81 47
82 25
83 25
84 20
85 59
86 84
87 75
88 69
89 9
90 44
91 76
92 25
93 1
94 47
95 45
96 83
97 54
98 64
99 14
100 37
101 43
102 7
103 55
104 39
105 49
106 66
107 70
108 8
109 20
110 36
111 41
112 35
113 101
114 71
115 4
116 69
117 70
118 94
119 32
120 110
121 92
122 56
123 113
124 21
125 112
126 74
127 116
128 78
129 65
130 28
131 119
132 56
133 49
134 111
135 81
136 7
137 70
138 16
139 111
140 34
141 59
142 19
143 34
144 53
145 95
146 95
147 132
148 100
149 73
150 72
151 44
152 135
153 141
154 39
155 12
156 122
157 125
158 48
159 61
160 126
161 20
162 141
163 129
164 64
165 63
166 115
167 115
168 80
169 133
170 154
171 50
172 78
173 60
174 75
175 34
176 127
177 101
178 119
179 107
180 34
181 16
182 161
183 17
184 133
185 123
186 94
187 147
188 53
189 37
190 106
191 110
192 4
193 22
194 8
195 13
196 150
197 158
198 143
199 89
200 57
201 37
202 68
203 41
204 174
205 13
206 72
207 117
208 178
209 77
210 198
211 160
212 189
213 8
214 144
215 167
216 9
217 215
218 102
219 124
220 206
221 60
222 96
223 115
224 90
225 48
226 165
227 99
228 136
229 149
230 194
231 207
232 6
233 39
234 42
235 46
236 83
237 103
238 195
239 73
240 105
241 178
242 36
243 49
244 235
245 29
246 185
247 75
248 46
249 201
250 21
251 63
252 209
253 245
254 159
255 46
256 26
257 73
258 60
259 217
260 156
261 97
262 23
263 2
264 25
265 26
266 37
267 206
268 48
269 53
270 210
271 267
272 167
273 218
274 205
275 85
276 142
277 122
278 7
279 137
280 127
281 120
282 130
283 180
284 221
285 48
286 187
287 218
288 201
289 202
290 280
291 186
292 108
293 270
294 248
295 1
296 20
297 255
298 238
299 65
300 199
301 81
302 175
303 153
304 81
305 253
306 30
307 226
308 18
309 104
310 137
311 34
312 150
313 149
314 200
315 71
316 22
317 159
318 121
319 191
320 169
321 90
322 290
323 216
324 111
325 319
326 314
327 204
328 34
329 142
330 121
331 60
332 176
333 63
334 290
335 152
336 101
337 68
338 133
339 289
340 39
341 211
342 337
343 197
344 51
345 327
346 92
347 34
348 64
349 271
350 193
351 313
352 201
353 130
354 63
355 103
356 114
357 72
358 187
359 156
360 109
361 14
362 279
363 315
364 198
365 104
366 173
367 27
368 357
369 279
370 50
371 199
372 331
373 181
374 167
375 36
376 163
377 255
378 187
379 228
380 314
381 247
382 126
383 124
384 314
385 329
386 179
387 361
388 212
389 183
390 306
391 21
392 123
393 7
394 307
395 23
396 217
397 4
398 190
399 150
400 167
401 221
402 135
403 216
404 95
405 353
406 97
407 330
408 255
409 356
410 361
411 305
412 164
413 405
414 137
415 376
416 32
417 152
418 327
419 313
420 397
421 253
422 343
423 307
424 370
425 218
426 403
427 128
428 229
429 362
430 346
431 417
432 334
433 415
434 213
435 357
436 276
437 173
438 93
439 304
440 380
441 191
442 414
443 99
444 358
445 233
446 277
447 275
448 353
449 215
450 8
451 245
452 259
453 369
454 385
455 392
456 160
457 175
458 318
459 128
460 257
461 211
462 407
463 342
464 373
465 373
466 10
467 76
468 333
469 242
470 325
471 423
472 335
473 328
474 303
475 308
476 193
477 200
478 126
479 307
480 300
481 45
482 189
483 455
484 101
485 321
486 350
487 400
488 242
489 317
490 257
491 139
492 86
493 266
494 101
495 137
496 221
497 437
498 31
499 50
500 246
501 199
502 111
503 138
504 341
505 446
506 251
507 22
508 3
509 262
510 117
511 30
512 427
513 451
514 207
515 88
516 216
517 81
518 4
519 188
520 402
521 157
522 286
523 339
524 70
525 232
526 304
527 229
528 206
529 42
530 515
531 287
532 10
533 89
534 389
535 305
536 360
537 529
538 363
539 36
540 7
541 122
542 231
543 92
544 507
545 96
546 379
547 542
548 230
549 10
550 507
551 526
552 436
553 495
554 4
555 151
556 29
557 276
558 22
559 541
560 358
561 298
562 193
563 193
564 335
565 475
566 83
567 195
568 313
569 435
570 168
571 217
572 565
573 545
574 295
575 39
576 362
577 141
578 257
579 301
580 440
581 464
582 502
583 339
584 553
585 186
586 218
587 584
588 266
589 287
590 190
591 371
592 8
593 318
594 119
595 458
596 475
597 162
598 345
599 590
600 554
601 473
602 537
603 109
604 379
605 462
606 594
607 130
608 347
609 81
610 402
611 25
612 402
613 238
614 608
615 613
616 270
617 142
618 125
619 200
620 496
621 77
622 587
623 536
624 91
625 333
626 12
627 112
628 403
629 201
630 298
631 324
632 561
633 486
634 465
635 323
636 216
637 18
638 338
639 593
640 388
641 181
642 4
643 412
644 445
645 425
646 123
647 57
648 14
649 484
650 528
651 222
652 463
653 645
654 469
655 388
656 88
657 176
658 593
659 279
660 359
661 557
662 630
663 241
664 473
665 623
666 241
667 417
668 21
669 56
670 355
671 104
672 354
673 161
674 609
675 389
676 584
677 524
678 422
679 35
680 597
681 612
682 351
683 248
684 559
685 160
686 263
687 511
688 238
689 158
690 39
691 661
692 55
693 106
694 673
695 473
696 471
697 167
698 157
699 195
700 174
701 81
702 232
703 627
704 13
705 444
706 415
707 565
708 49
709 92
710 182
711 181
712 452
713 205
714 647
715 52
716 93
717 705
718 388
719 629
720 394
721 384
722 661
723 145
724 107
725 295
726 449
727 442
728 689
729 460
730 650
731 539
732 725
733 148
734 239
735 588
736 214
737 174
738 23
739 146
740 442
741 92
742 130
743 550
744 697
745 48
746 217
747 284
748 85
749 205
750 17
751 112
752 438
753 221
754 604
755 243
756 444
757 245
758 440
759 740
760 390
761 119
762 287
763 505
764 504
765 187
766 10
767 390
768 79
769 289
770 167
771 557
772 606
773 133
774 305
775 245
776 573
777 564
778 672
779 392
780 325
781 303
782 500
783 397
784 350
785 334
786 750
787 47
788 416
789 19
790 595
791 719
792 440
793 663
794 40
795 697
796 393
797 383
798 530
799 760
800 543
801 378
802 192
803 578
804 706
805 763
806 98
807 424
808 475
809 50
810 24
811 401
812 31
813 396
814 50
815 354
816 267
817 395
818 118
819 345
820 640
821 470
822 547
823 581
824 201
825 708
826 286
827 784
828 123
829 346
830 296
831 646
832 502
833 228
834 221
835 113
836 370
837 93
838 255
839 536
840 557
841 602
842 12
843 689
844 191
845 295
846 308
847 230
848 402
849 763
850 369
851 825
852 831
853 421
854 221
855 261
856 314
857 552
858 472
859 192
860 120
861 500
862 833
863 35
864 715
865 37
866 802
867 410
868 428
869 195
870 417
871 785
872 233
873 419
874 349
875 453
876 47
877 210
878 583
879 290
880 697
881 758
882 522
883 601
884 656
885 273
886 278
887 525
888 37
889 864
890 851
891 42
892 781
893 676
894 748
895 29
896 708
897 389
898 620
899 833
900 261
901 511
902 28
903 505
904 752
905 469
906 279
907 680
908 465
909 194
910 641
911 260
912 646
913 198
914 320
915 351
916 305
917 93
918 741
919 707
920 534
921 95
922 78
923 671
924 666
925 47
926 140
927 282
928 717
929 493
930 712
931 643
932 781
933 626
934 59
935 310
936 266
937 274
938 348
939 64
940 243
941 173
942 844
943 416
944 79
945 801
946 202
947 287
948 294
949 267
950 320
951 83
952 240
953 411
954 408
955 423
956 773
957 941
958 273
959 574
960 535
961 69
962 952
963 650
964 229
965 851
966 742
967 928
968 542
969 791
970 845
971 903
972 90
973 783
974 905
975 190
976 405
977 511
978 112
979 327
980 291
981 120
982 359
983 399
984 848
985 460
986 17
987 370
988 71
989 837
990 420
991 703
992 755
993 596
994 842
995 127
996 216
997 432
998 304
999 479
1000 124
1001 951
1002 481
1003 789
1004 863
1005 191
1006 114
1007 976
1008 372
1009 329
1010 268
1011 440
1012 465
1013 386
1014 205
1015 140
1016 905
1017 443
1018 47
1019 896
1020 494
1021 547
1022 107
1023 711
1024 898
1025 99
1026 748
1027 176
1028 285
1029 985
1030 452
1031 647
1032 960
1033 47
1034 549
1035 310
1036 1008
1037 806
1038 899
1039 551
1040 854
1041 278
1042 66
1043 888
1044 735
1045 817
1046 614
1047 169
1048 818
1049 864
1050 110
1051 735
1052 625
1053 569
1054 936
1055 621
1056 667
1057 249
1058 849
1059 254
1060 259
1061 299
1062 64
1063 223
1064 915
1065 818
1066 439
1067 375
1068 1046
1069 960
1070 66
1071 288
1072 462
1073 111
1074 116
1075 861
1076 825
1077 1048
1078 920
1079 1056
1080 492
1081 210
1082 761
1083 534
1084 803
1085 880
1086 499
1087 59
1088 617
1089 287
1090 747
1091 565
1092 89
1093 534
1094 465
1095 411
1096 600
1097 30
1098 1047
1099 385
1100 785
1101 228
1102 647
1103 865
1104 881
1105 684
1106 119
1107 727
1108 194
1109 1080
1110 267
1111 1006
1112 98
1113 570
1114 141
1115 593
1116 445
1117 1015
1118 954
1119 204
1120 1037
1121 796
1122 883
1123 947
1124 597
1125 809
1126 11
1127 202
1128 674
1129 739
1130 772
1131 1096
1132 421
1133 670
1134 647
1135 819
1136 266
1137 36
1138 853
1139 800
1140 469
1141 209
1142 428
1143 381
1144 578
1145 799
1146 1017
1147 85
1148 400
1149 835
1150 994
1151 1131
1152 736
1153 697
1154 867
1155 889
1156 262
1157 85
1158 314
1159 1155
1160 561
1161 370
1162 113
1163 621
1164 444
1165 439
1166 116
1167 982
1168 971
1169 848
1170 683
1171 791
1172 902
1173 38
1174 1070
1175 535
1176 62
1177 962
1178 435
1179 694
1180 727
1181 115
1182 969
1183 134
1184 235
1185 158
1186 957
1187 68
1188 876
1189 429
1190 651
1191 1176
1192 799
1193 779
1194 859
1195 958
1196 974
1197 359
1198 1035
1199 174
1200 1146
1201 7
1202 711
1203 31
1204 867
1205 419
1206 1198
1207 336
1208 1126
1209 243
1210 749
1211 595
1212 1167
1213 661
1214 91
1215 229
1216 489
1217 690
1218 53
1219 444
1220 680
1221 214
1222 1014
1223 439
1224 196
1225 573
1226 1107
1227 981
1228 1094
1229 117
1230 766
1231 895
1232 753
1233 1154
1234 518
1235 1172
1236 1000
1237 85
1238 1025
1239 558
1240 218
1241 329
1242 839
1243 458
1244 175
1245 901
1246 794
1247 397
1248 534
1249 125
1250 480
1251 110
1252 437
1253 39
1254 1068
1255 1196
1256 628
1257 617
1258 817
1259 146
1260 285
1261 202
1262 23
1263 471
1264 401
1265 1129
1266 724
1267 1013
1268 917
1269 980
1270 704
1271 521
1272 165
1273 356
1274 912
1275 812
1276 952
1277 1040
1278 663
1279 707
1280 1144
1281 137
1282 369
1283 350
1284 485
1285 1189
1286 817
1287 1235
1288 231
1289 486
1290 240
1291 149
1292 219
1293 557
1294 1182
1295 593
1296 1074
1297 66
1298 471
1299 616
1300 690
1301 151
1302 73
1303 369
1304 1160
1305 493
1306 1060
1307 571
1308 1040
1309 806
1310 1261
1311 979
1312 54
1313 1307
1314 359
1315 896
1316 416
1317 220
1318 108
1319 601
1320 66
1321 709
1322 686
1323 653
1324 520
1325 31
1326 1025
1327 13
1328 1248
1329 472
1330 1021
1331 33
1332 694
1333 639
1334 594
1335 517
1336 452
1337 988
1338 595
1339 552
1340 615
1341 878
1342 600
1343 748
1344 594
1345 62
1346 638
1347 412
1348 581
1349 1091
1350 476
1351 1052
1352 384
1353 406
1354 501
1355 482
1356 266
1357 912
1358 1138
1359 916
1360 752
1361 1
1362 670
1363 878
1364 1101
1365 96
1366 704
1367 1235
1368 730
1369 1000
1370 1102
1371 793
1372 260
1373 977
1374 1024
1375 346
1376 1068
1377 1208
1378 396
1379 316
1380 1186
1381 918
1382 600
1383 1228
1384 1140
1385 952
1386 343
1387 529
1388 1011
1389 911
1390 921
1391 441
1392 104
1393 1254
1394 205
1395 693
1396 679
1397 600
1398 514
1399 307
1400 1301
1401 98
1402 626
1403 921
1404 50
1405 54
1406 545
1407 1117
1408 173
1409 1233
1410 1281
1411 1054
1412 1358
1413 263
1414 548
1415 631
1416 1068
1417 420
1418 707
1419 1383
1420 942
1421 532
1422 380
1423 988
1424 450
1425 1118
1426 977
1427 1048
1428 922
1429 1066
1430 1336
1431 863
1432 954
1433 609
1434 239
1435 1364
1436 601
1437 934
1438 1190
1439 319
1440 1237
1441 50
1442 140
1443 736
1444 982
1445 303
1446 413
1447 1019
1448 482
1449 521
1450 792
1451 1044
1452 1397
1453 317
1454 1240
1455 1381
1456 547
1457 1266
1458 293
1459 1013
1460 781
1461 624
1462 655
1463 135
1464 892
1465 798
1466 1355
1467 1018
1468 505
1469 277
1470 1158
1471 138
1472 1443
1473 323
1474 1207
1475 932
1476 654
1477 473
1478 804
1479 1090
1480 904
1481 1351
1482 1416
1483 344
1484 953
1485 615
1486 961
1487 74
1488 605
1489 1017
1490 936
1491 865
1492 528
1493 967
1494 1377
1495 1319
1496 1444
1497 209
1498 1427
1499 923
1500 1129
1501 630
1502 501
1503 240
1504 642
1505 427
1506 853
1507 353
1508 573
1509 891
1510 1227
1511 1332
1512 978
1513 1392
1514 484
1515 1207
1516 141
1517 1253
1518 852
1519 505
1520 1496
1521 524
1522 841
1523 398
1524 1058
1525 1218
1526 1332
1527 1097
1528 815
1529 1193
1530 1012
1531 889
1532 863
1533 117
1534 1212
1535 707
1536 534
1537 146
1538 63
1539 775
1540 1444
1541 777
1542 1245
1543 1355
1544 1249
1545 274
1546 439
1547 869
1548 379
1549 632
1550 315
1551 571
1552 1066
1553 115
1554 1336
1555 203
1556 425
1557 626
1558 715
1559 476
1560 276
1561 1271
1562 805
1563 1232
1564 358
1565 1299
1566 1160
1567 1397
1568 646
1569 1410
1570 183
1571 54
1572 1295
1573 620
1574 34
1575 3
1576 831
1577 685
1578 1330
1579 1243
1580 918
1581 1043
1582 1337
1583 1378
1584 652
1585 1413
1586 926
1587 1083
1588 1576
1589 666
1590 335
1591 897
1592 8
1593 450
1594 1408
1595 16
1596 1113
1597 912
1598 1563
1599 863
1600 1373
1601 449
1602 1328
1603 668
1604 843
1605 712
1606 105
1607 645
1608 1073
1609 1458
1610 389
1611 10
1612 1167
1613 1028
1614 161
1615 271
1616 1572
1617 298
1618 779
1619 1216
1620 349
1621 599
1622 266
1623 1104
1624 1530
1625 1386
1626 1307
1627 1424
1628 180
1629 539
1630 462
1631 1627
1632 894
1633 951
1634 645
1635 1579
1636 631
1637 372
1638 361
1639 281
1640 264
1641 352
1642 258
1643 508
1644 1391
1645 1487
1646 1111
1647 1506
1648 266
1649 604
1650 63
1651 1044
1652 1367
1653 72
1654 1560
1655 1498
1656 504
1657 1265
1658 90
1659 1642
1660 104
1661 541
1662 1302
1663 1176
1664 1327
1665 717
1666 767
1667 33
1668 1126
1669 1177
1670 978
1671 175
1672 454
1673 129
1674 864
1675 1272
1676 49
1677 713
1678 1269
1679 940
1680 1670
1681 1216
1682 1168
1683 1458
1684 1153
1685 1642
1686 573
1687 1339
1688 160
1689 589
1690 758
1691 1650
1692 563
1693 381
1694 134
1695 721
1696 689
1697 394
1698 1643
1699 102
1700 1634
1701 618
1702 635
1703 1289
1704 184
1705 1290
1706 1594
1707 160
1708 1175
1709 1526
1710 1499
1711 989
1712 1167
1713 1105
1714 284
1715 775
1716 325
1717 849
1718 1354
1719 1053
1720 1294
1721 14
1722 55
1723 1432
1724 430
1725 380
1726 1418
1727 646
1728 400
1729 568
1730 448
1731 21
1732 1263
1733 1504
1734 545
1735 205
1736 949
1737 1117
1738 1223
1739 1414
1740 106
1741 709
1742 98
1743 1615
1744 1221
1745 660
1746 366
1747 955
1748 1548
1749 32
1750 588
1751 800
1752 1533
1753 1557
1754 1633
1755 1636
1756 665
1757 1558
1758 1590
1759 173
1760 658
1761 604
1762 496
1763 902
1764 1123
1765 1362
1766 725
1767 927
1768 200
1769 1754
1770 873
1771 272
1772 453
1773 943
1774 781
1775 807
1776 603
1777 516
1778 485
1779 607
1780 267
1781 1764
1782 1160
1783 946
1784 233
1785 690
1786 197
1787 1074
1788 579
1789 1674
1790 806
1791 341
1792 1398
1793 1152
1794 1386
1795 920
1796 388
1797 1633
1798 1761
1799 31
1800 568
1801 1145
1802 868
1803 1258
1804 1179
1805 344
1806 1493
1807 475
1808 1674
1809 1031
1810 1552
1811 1129
1812 195
1813 272
1814 477
1815 818
1816 978
1817 1444
1818 487
1819 1306
1820 911
1821 73
1822 1259
1823 1770
1824 1386
1825 364
1826 588
1827 19
1828 741
1829 717
1830 769
1831 1010
1832 420
1833 1672
1834 1194
1835 1357
1836 1818
1837 850
1838 1658
1839 1270
1840 2
1841 133
1842 1476
1843 319
1844 1732
1845 333
1846 217
1847 494
1848 328
1849 1316
1850 1237
1851 984
1852 1609
1853 1022
1854 886
1855 523
1856 1701
1857 1192
1858 506
1859 282
1860 50
1861 1545
1862 274
1863 72
1864 1059
1865 770
1866 47
1867 1781
1868 753
1869 720
1870 616
1871 1760
1872 1823
1873 24
1874 1229
1875 1375
1876 1107
1877 790
1878 1605
1879 777
1880 1344
1881 1009
1882 1680
1883 1647
1884 1786
1885 674
1886 780
1887 80
1888 871
1889 666
1890 1718
1891 1414
1892 954
1893 1005
1894 534
1895 1342
1896 1173
1897 1813
1898 818
1899 1537
1900 764
1901 924
1902 620
1903 646
1904 693
1905 1397
1906 1511
1907 1339
1908 84
1909 48
1910 456
1911 454
1912 1814
1913 620
1914 1418
1915 777
1916 101
1917 1276
1918 649
1919 144
1920 617
1921 685
1922 1111
1923 1511
1924 138
1925 255
1926 1864
1927 1006
1928 503
1929 1122
1930 29
1931 1118
1932 741
1933 831
1934 418
1935 802
1936 840
1937 230
1938 674
1939 449
1940 1776
1941 1746
1942 1391
1943 1009
1944 296
1945 828
1946 103
1947 1043
1948 1693
1949 1753
1950 371
1951 311
1952 321
1953 967
1954 21
1955 1410
1956 202
1957 608
1958 1427
1959 333
1960 1084
1961 1760
1962 37
1963 1114
1964 1659
1965 1636
1966 111
1967 672
1968 717
1969 1315
1970 1437
1971 965
1972 87
1973 1809
1974 259
1975 1642
1976 1091
1977 98
1978 1712
1979 118
1980 414
1981 1776
1982 678
1983 551
1984 1008
1985 848
1986 1783
1987 1851
1988 970
1989 1807
1990 1576
1991 1002
1992 337
1993 1215
1994 1865
1995 959
1996 1449
1997 703
1998 843
1999 18
2000 399
