100 100
38 28 76 21 59 21 26 5 97 52 76 24 26 38 6 21 26 60 87 99 97 18 93 60 60 97 15 28 76 76 15 28 21 76 52 21 97 34 13 21 28 97 86 76 10 21 59 21 48 28 75 52 94 12 97 32 18 21 97 77 22 76 86 21 21 75 21 63 86 97 45 56 76 65 75 21 26 54 8 36 74 76 48 21 97 52 58 28 57 21 77 48 97 21 21 76 98 76 21 28 
14 1
99 27
10 52
12 30
100 2
43 87
2 50
9 81
3 34
99 4
82 60
70 53
73 64
22 57
95 16
6 4
15 30
38 40
84 90
96 82
78 96
41 24
21 55
62 30
13 17
71 52
7 36
80 31
58 36
91 60
40 35
5 36
21 37
44 29
90 93
72 17
46 76
76 66
19 89
92 83
75 95
14 90
41 28
38 68
6 84
9 85
11 44
59 70
76 85
77 62
67 16
67 92
46 36
5 47
59 42
82 43
40 33
30 11
40 67
4 45
31 74
63 20
70 97
39 91
25 24
41 88
17 77
48 99
58 33
100 32
11 65
30 89
51 66
32 28
26 9
54 81
98 22
11 18
3 98
61 39
3 88
86 52
23 92
95 64
37 42
82 62
75 63
73 49
56 35
84 31
81 8
93 70
79 55
98 96
43 69
55 85
73 29
86 48
94 48
