100 70
4 12 9 19 59 42 5 14 64 1 37 35 39 19 2 58 26 3 27 56 7 33 61 18 9 65 28 30 57 60 53 10 17 32 22 11 29 52 66 50 37 70 31 36 67 24 48 59 6 20 21 31 6 3 55 35 30 28 54 43 26 18 21 49 23 39 62 63 52 15 36 68 40 57 48 16 43 69 13 23 8 41 51 46 25 24 51 34 44 38 56 4 45 58 47 7 34 13 49 52 
100 69
49 66
42 99
35 91
69 85
62 63
8 22
94 64
48 47
91 70
25 21
93 79
30 2
49 60
51 84
89 57
46 91
82 73
22 38
81 86
100 61
77 90
81 59
81 13
42 46
72 2
95 65
39 70
5 69
58 76
5 6
77 35
27 87
71 96
4 25
96 58
19 46
100 17
63 9
64 52
31 27
2 91
75 77
70 82
74 68
43 28
100 70
50 20
20 36
31 100
55 66
16 4
32 7
14 98
92 41
59 33
16 97
38 81
23 79
44 77
44 47
56 25
12 34
78 72
24 46
93 60
88 67
69 28
37 59
15 36
26 31
54 82
20 28
69 38
65 52
8 96
97 11
79 80
18 83
24 56
61 51
14 48
57 29
95 53
40 46
41 93
10 83
3 57
63 66
53 18
45 26
38 29
1 100
22 10
46 66
17 74
69 67
7 86
12 31
