100 70
39 55 23 14 50 6 12 30 35 29 63 5 28 24 3 42 23 43 66 14 27 48 68 7 36 20 25 17 62 47 56 41 16 2 70 40 15 32 22 57 37 5 58 34 46 63 8 11 4 67 38 45 9 35 52 61 14 11 8 65 49 31 1 36 54 38 51 55 31 10 60 53 21 26 3 59 32 64 44 4 39 18 2 19 13 45 9 33 26 21 54 56 69 40 7 13 59 28 1 70 
57 16
49 87
58 17
16 49
30 14
51 94
22 97
39 1
25 93
13 36
20 32
24 69
63 98
11 73
6 20
8 45
93 38
51 36
81 57
37 73
7 8
64 62
34 54
39 71
60 75
98 97
5 51
4 57
55 86
62 16
8 76
25 49
80 86
53 52
91 95
42 35
2 38
43 24
96 89
43 79
99 92
78 91
67 33
20 4
16 8
99 69
80 47
20 40
24 68
15 77
66 21
67 18
5 57
83 29
53 65
32 15
50 9
61 91
52 57
75 59
28 86
84 61
97 85
41 27
4 88
19 34
8 91
40 33
73 74
31 46
3 42
39 44
10 24
48 74
66 34
49 35
59 11
82 84
64 1
4 30
97 81
70 62
9 90
80 74
26 9
90 20
17 52
23 72
82 12
96 95
27 81
56 25
54 73
83 54
63 31
86 88
86 72
91 24
100 68
