100 70
47 54 61 51 10 41 50 63 40 34 60 15 69 25 58 65 46 70 17 55 19 15 38 20 1 18 65 2 30 21 43 27 25 26 56 48 67 53 11 57 58 39 32 17 35 42 9 23 66 59 68 51 64 63 8 45 12 40 61 14 36 37 52 48 28 29 62 20 21 22 5 31 8 46 60 18 23 41 4 1 5 33 50 13 24 44 49 6 14 62 16 54 52 3 44 34 3 27 10 7 
80 25
13 67
9 10
61 49
74 92
30 42
83 77
10 46
14 29
80 61
56 62
64 3
40 96
16 3
72 30
83 17
29 32
93 47
34 57
85 5
99 52
95 91
27 8
43 32
62 15
43 22
7 28
30 82
81 78
65 62
24 66
55 4
6 93
97 14
91 75
32 99
96 30
83 90
94 24
61 69
27 23
61 84
36 22
25 58
30 62
71 89
76 15
59 86
80 35
45 7
86 46
86 2
93 17
7 22
41 19
87 78
80 9
81 48
25 13
34 29
80 98
20 31
1 57
48 33
50 88
11 73
73 78
34 38
21 63
79 99
4 90
93 95
52 12
22 44
100 58
37 2
25 5
23 99
19 8
78 92
64 24
47 54
96 90
68 99
74 46
71 51
31 100
58 70
53 23
52 94
30 99
21 5
63 50
73 60
58 32
18 77
89 11
26 61
4 39
