100 70
60 67 61 14 43 36 9 46 46 31 37 41 49 18 15 52 20 13 36 42 68 12 58 62 4 51 30 25 66 5 38 3 44 56 39 53 28 16 8 18 12 11 60 34 1 32 65 47 70 45 33 27 26 59 50 11 16 41 27 47 24 55 63 54 2 4 6 26 3 49 62 23 69 40 40 65 21 48 52 50 69 21 29 38 35 7 51 35 64 34 39 63 33 10 22 57 19 2 28 17 
90 55
9 84
72 73
45 75
66 82
32 99
82 75
53 73
47 16
89 75
26 98
68 83
21 97
25 65
20 47
60 3
36 100
15 17
9 66
42 93
22 58
26 8
33 74
94 95
5 54
19 30
57 8
9 61
67 34
70 53
75 64
21 90
31 33
63 87
63 71
85 77
16 77
76 84
44 4
46 22
98 90
95 100
49 66
60 35
47 31
78 62
51 98
47 29
7 21
62 80
71 44
12 76
46 18
41 88
1 37
23 70
54 86
59 55
4 30
31 84
39 14
24 10
68 98
38 76
43 99
8 67
6 48
50 84
32 6
70 14
84 87
85 81
16 2
13 28
44 1
66 79
52 44
12 91
27 54
59 43
8 73
47 11
3 68
67 42
35 56
57 76
65 87
80 85
58 75
92 40
8 40
31 100
66 13
12 41
10 84
54 31
92 15
82 69
96 95
