100 70
67 48 39 44 9 40 10 66 5 1 45 6 23 5 6 68 26 69 19 12 33 56 34 16 64 43 14 36 7 37 11 56 35 30 60 42 66 50 29 67 62 64 19 13 58 54 49 54 16 57 61 43 41 1 10 60 3 18 23 55 15 31 32 28 25 4 8 32 36 1 37 27 65 50 14 69 63 70 38 53 39 22 31 3 45 13 51 47 46 59 24 4 41 2 47 52 27 20 21 17 
70 10
97 49
80 10
13 80
69 89
92 53
44 94
99 70
97 28
14 15
3 43
22 85
25 8
51 26
69 29
28 39
59 19
68 56
14 61
12 44
84 93
76 61
2 52
9 82
70 54
18 28
50 10
34 94
75 31
7 57
18 15
72 30
14 80
11 32
18 37
89 86
63 11
88 92
67 47
66 63
9 86
33 87
7 53
9 60
17 54
44 26
89 26
20 97
95 59
11 23
36 30
35 32
68 55
44 58
10 30
9 96
38 70
5 2
61 81
38 83
89 10
39 24
94 41
7 16
56 84
10 63
54 100
71 37
10 6
83 27
21 46
74 46
55 24
89 79
31 86
42 77
21 94
69 25
64 99
45 51
39 95
52 10
87 62
71 78
50 85
1 90
43 69
26 33
65 82
39 91
27 40
52 90
4 97
48 81
77 98
7 71
58 47
73 28
77 80
