100 70
39 12 31 3 45 5 54 49 22 51 32 17 29 48 36 28 27 48 14 6 51 50 25 57 41 26 10 52 64 47 4 68 24 55 17 60 62 42 67 37 43 38 18 40 44 1 49 14 43 23 47 15 60 8 56 1 58 25 2 67 34 69 56 62 21 57 30 53 28 11 61 35 70 64 59 11 70 7 54 13 37 46 19 16 33 59 63 23 38 29 65 34 20 66 61 44 3 1 9 27 
56 46
77 97
71 98
89 16
66 36
34 93
4 76
61 43
95 11
92 83
43 57
68 56
92 12
66 90
45 17
30 35
27 70
1 15
56 69
4 46
100 75
73 4
22 2
46 54
27 32
99 25
56 22
85 40
48 90
51 92
21 55
70 12
7 47
52 30
72 80
60 86
86 49
97 84
5 44
22 78
7 13
14 37
53 88
94 77
53 23
8 78
62 96
30 92
28 35
91 98
44 61
78 33
74 89
48 55
26 72
65 72
59 18
97 40
66 15
81 95
42 33
27 10
8 25
57 59
56 98
100 46
73 95
49 9
86 39
67 72
14 29
63 37
72 22
3 45
24 60
40 13
92 20
46 43
65 79
16 19
64 99
41 68
92 41
97 56
34 95
81 74
3 66
73 23
38 75
50 92
4 87
31 43
40 49
6 55
46 62
65 82
37 50
45 76
58 47
