100 100
95 50 65 24 40 48 68 42 100 22 52 24 22 2 75 70 27 18 70 42 95 21 33 68 63 70 27 70 24 6 27 88 48 42 75 24 25 81 42 24 70 42 24 82 72 68 48 24 70 24 2 63 68 22 68 34 22 62 64 70 68 47 70 33 89 28 51 87 22 27 60 70 86 68 42 7 34 42 24 42 33 20 36 96 99 57 47 70 22 98 8 70 22 1 68 68 78 63 68 16 
7 46
31 70
16 85
73 3
84 63
92 63
75 20
92 16
36 11
44 26
40 20
71 66
53 20
72 49
79 36
95 82
16 9
20 14
13 97
36 38
39 80
34 25
29 36
30 61
1 12
65 69
28 88
22 59
49 21
18 73
60 28
32 87
8 42
74 7
69 45
57 10
61 96
39 71
47 19
99 55
41 64
78 80
8 88
43 29
21 73
33 6
17 27
16 26
95 24
20 39
87 62
60 32
4 43
68 70
25 100
34 78
90 81
61 99
95 74
71 91
48 76
83 68
55 2
50 48
43 15
25 52
48 12
75 86
79 70
23 48
69 17
50 5
33 47
19 72
26 34
58 70
93 54
24 96
46 54
57 13
55 56
8 55
88 41
4 50
37 43
63 22
94 88
56 77
51 43
63 49
35 15
19 41
64 81
89 54
98 52
89 10
67 55
12 40
13 69
