100 100
76 97 60 97 62 58 67 69 97 82 82 71 100 82 39 49 62 56 95 60 21 60 50 60 69 82 33 98 97 71 60 31 37 32 55 71 64 34 22 78 93 58 15 60 60 71 2 24 97 97 60 97 69 60 60 60 58 97 71 60 82 82 60 71 96 20 72 1 60 88 62 99 97 22 50 25 97 24 86 8 55 60 37 60 97 56 97 82 97 87 50 71 60 12 56 52 79 97 34 78 
1 19
85 91
22 60
100 40
78 70
69 15
51 3
59 30
45 69
56 21
41 67
20 63
86 10
27 60
14 61
3 54
10 11
50 4
65 77
43 84
51 56
23 66
49 58
45 76
2 50
44 45
86 97
93 30
82 48
92 85
33 83
87 69
16 53
88 14
89 98
96 26
98 85
85 65
61 41
56 33
4 9
25 8
71 45
82 31
86 18
78 3
100 69
84 56
64 36
90 33
31 93
54 55
18 7
61 26
32 34
84 63
2 89
1 95
87 53
48 47
28 55
91 23
37 52
58 73
98 74
57 6
49 68
70 80
73 42
24 52
81 72
62 3
46 59
8 91
87 29
22 82
20 35
34 14
64 92
75 23
65 95
88 11
58 81
84 86
89 79
13 21
30 38
38 99
9 87
73 52
5 38
77 68
36 12
24 55
60 44
17 71
54 39
3 6
63 94
