100 100
18 8 6 100 75 68 84 78 18 92 41 18 5 18 64 99 11 18 41 4 52 71 41 4 11 7 31 41 64 18 28 78 18 74 18 23 78 78 78 31 38 41 18 64 27 41 18 18 72 18 47 43 15 78 31 22 48 75 64 77 51 11 42 81 41 43 11 18 94 61 67 11 18 47 38 18 22 31 58 39 10 31 11 67 18 78 44 55 100 26 78 92 18 18 31 67 18 65 18 9 
91 37
48 21
53 25
35 12
7 18
5 58
52 66
48 68
65 28
20 24
27 95
62 25
14 30
76 45
25 5
17 67
22 75
96 84
72 25
78 55
59 15
42 82
66 70
23 18
18 71
33 76
69 91
37 88
57 54
85 94
50 20
64 77
75 41
73 48
28 60
81 18
65 11
49 55
30 99
23 19
65 67
56 1
98 17
1 85
87 54
74 28
83 59
12 94
6 4
19 3
54 86
52 10
77 4
37 54
39 86
97 47
39 38
93 73
51 74
42 46
52 13
36 34
9 50
14 38
90 99
43 99
20 89
44 17
55 36
61 78
18 16
97 33
8 91
28 46
40 73
32 38
80 82
9 91
33 62
25 26
31 42
72 41
19 42
43 68
76 35
66 63
96 77
72 83
50 18
29 15
33 2
30 100
52 27
78 40
68 77
83 79
65 1
55 27
82 92
