100 100
51 55 56 51 1 16 1 26 100 43 43 43 43 51 51 56 96 61 100 42 90 9 43 51 51 7 14 26 25 81 100 51 20 43 65 32 55 51 65 51 100 75 99 64 100 66 6 43 43 1 27 35 100 43 15 51 100 62 43 43 64 45 51 43 30 61 23 51 93 36 100 50 100 43 43 87 100 43 43 28 3 43 90 43 100 82 51 56 59 51 100 40 96 65 49 31 1 100 43 45 
38 1
20 53
76 41
25 86
32 24
33 40
98 57
7 50
91 9
100 62
54 13
60 11
16 80
90 87
25 56
48 34
53 45
54 51
29 55
85 31
25 92
22 10
59 38
32 7
82 8
42 99
46 31
6 60
41 73
64 49
71 98
10 82
75 12
81 68
84 64
23 60
72 2
74 34
19 93
37 2
41 45
31 47
73 57
68 17
39 94
35 52
2 58
25 15
4 63
31 71
39 35
23 78
30 12
69 19
85 18
83 66
68 32
54 36
44 61
21 10
4 27
44 64
26 63
97 5
10 99
13 43
77 91
77 19
79 75
96 56
12 49
63 56
59 54
34 67
4 53
84 82
85 66
15 68
85 78
62 13
99 48
90 24
39 80
97 50
80 89
57 95
98 70
87 40
85 19
28 60
65 59
39 13
3 88
40 38
4 14
55 75
3 13
90 2
79 80
