100 100
33 18 38 36 86 25 36 25 21 8 6 6 6 54 25 6 6 6 25 25 6 40 25 25 11 6 25 76 25 6 23 47 6 6 49 66 36 26 25 6 7 81 45 39 1 76 16 6 6 46 27 77 31 90 63 36 18 25 86 42 94 22 12 25 6 70 10 86 72 90 2 6 6 44 76 6 25 25 25 89 63 60 75 69 36 6 34 25 25 25 86 21 6 76 78 6 6 6 36 25 
80 1
90 84
51 8
83 40
49 34
67 61
8 71
77 42
33 93
29 15
77 22
27 95
37 12
86 93
98 16
35 38
82 67
7 85
91 59
66 68
79 60
70 50
37 4
70 33
45 97
55 67
25 30
88 90
12 97
14 53
48 92
20 58
49 18
10 75
89 77
59 68
4 39
54 34
46 87
91 80
40 18
72 82
4 7
46 75
30 40
32 75
17 96
78 27
85 16
58 15
77 41
30 11
76 21
97 17
35 97
26 13
19 88
15 44
76 72
56 37
63 77
73 96
73 65
69 72
23 24
11 33
9 18
34 72
79 100
2 57
16 31
36 64
57 11
37 43
19 27
20 90
64 5
20 62
6 77
8 24
86 48
78 79
99 56
94 28
23 64
19 81
13 21
47 40
6 64
87 74
26 98
46 95
100 93
3 68
94 75
29 8
40 14
52 56
68 77
