100 100
82 55 58 55 63 44 56 93 55 44 26 29 33 9 99 33 19 91 57 33 55 62 93 33 95 33 25 73 26 88 29 94 76 77 33 33 29 44 20 68 22 63 29 9 55 33 59 85 26 33 26 44 61 70 9 1 26 77 31 40 29 45 33 96 84 86 30 29 72 55 29 26 29 62 33 77 91 73 29 55 37 29 71 89 19 29 33 12 16 33 26 55 29 44 29 33 33 60 4 91 
49 1
10 89
86 31
17 85
6 38
72 51
45 9
100 80
16 97
5 91
92 21
90 70
12 33
20 96
96 46
34 46
43 32
97 87
65 39
11 74
14 29
16 41
24 62
71 12
88 46
37 63
35 24
43 93
53 20
26 90
75 84
81 46
29 66
16 24
73 61
35 23
21 45
80 2
6 52
39 2
58 34
12 68
31 82
46 17
29 72
91 40
21 28
46 75
22 74
37 79
75 27
10 49
61 83
15 35
61 99
26 36
25 77
43 98
4 19
5 42
35 75
3 49
4 9
39 7
91 57
13 80
48 90
2 60
38 94
43 20
8 64
56 86
11 57
79 82
73 95
77 14
79 55
8 23
11 47
80 54
71 86
70 76
80 92
77 18
59 90
70 4
2 69
30 17
50 63
68 95
11 29
36 20
86 78
99 91
10 86
10 94
98 67
87 63
44 55
