100 100
70 26 48 26 6 9 70 40 97 54 60 19 19 9 78 17 1 26 26 75 6 13 39 39 19 9 93 15 19 9 77 9 53 69 34 8 9 69 39 39 69 26 8 38 65 92 19 44 39 26 19 19 68 39 49 9 71 81 29 4 19 72 39 65 9 9 79 28 48 39 19 31 6 19 9 19 43 6 39 2 60 31 95 26 19 39 98 9 61 39 39 60 60 47 71 9 7 6 14 20 
75 6
69 23
33 73
84 20
40 16
21 9
24 81
96 82
53 49
51 2
84 19
44 75
50 19
71 74
52 42
94 29
63 49
51 25
83 37
85 64
70 39
21 73
59 45
70 38
50 22
57 26
71 76
96 60
56 14
79 39
24 79
39 78
25 61
35 51
58 81
34 19
5 9
48 30
55 37
46 34
79 43
4 50
37 6
72 81
61 29
14 85
36 39
77 74
40 23
32 30
40 84
15 72
7 83
30 26
42 31
74 1
52 87
90 24
29 76
45 39
75 96
62 17
75 99
47 95
17 9
66 65
26 54
86 54
75 68
100 97
84 67
93 92
34 28
74 47
89 25
90 63
84 18
11 93
63 8
13 100
34 41
75 92
66 32
65 96
56 26
47 85
5 78
98 40
27 100
50 10
42 2
14 88
69 3
23 49
42 4
85 12
61 80
13 52
70 91
