100 70
62 48 68 48 3 67 19 1 34 57 40 10 27 67 58 59 42 53 6 18 5 28 43 10 19 4 7 57 61 32 30 29 14 65 16 26 1 61 45 66 42 64 5 38 8 35 2 31 21 54 37 17 46 22 52 65 21 52 51 13 70 50 60 25 44 39 12 49 11 13 63 24 68 56 66 34 43 47 26 16 49 45 30 55 25 69 38 37 23 15 41 69 9 29 17 15 33 70 36 20 
5 66
44 7
37 38
12 98
23 38
33 20
15 100
94 58
35 8
37 95
9 59
85 59
92 44
49 96
91 50
37 8
18 38
76 31
31 99
68 3
38 97
23 42
42 26
8 80
15 1
98 47
52 21
73 2
73 94
41 14
40 16
70 25
45 40
65 27
43 84
58 23
64 80
86 72
56 92
74 67
85 6
57 100
91 45
24 2
69 21
79 83
44 71
1 72
43 64
31 98
25 54
28 18
81 34
82 10
89 77
32 29
37 47
44 88
17 21
82 88
45 22
75 3
85 30
66 46
66 47
15 39
25 35
13 47
11 48
87 47
37 56
63 99
79 75
52 75
37 22
67 48
43 33
1 48
29 76
22 55
73 14
8 48
53 46
36 98
90 70
10 4
22 19
64 78
22 85
61 75
65 56
51 57
11 96
93 17
45 21
17 81
59 62
76 60
89 21
