1000 999 1 1000 514
1 2 742579
2 3 188325
3 4 786626
4 5 248152
5 6 229793
6 7 320182
7 8 454691
8 9 344575
9 10 136028
10 11 193107
11 12 971363
12 13 760574
13 14 49733
14 15 559579
15 16 214241
16 17 107098
17 18 846234
18 19 694425
19 20 635636
20 21 477322
21 22 954302
22 23 312356
23 24 776005
24 25 177082
25 26 381735
26 27 142594
27 28 816283
28 29 978045
29 30 875863
30 31 261046
31 32 856143
32 33 272867
33 34 75815
34 35 709423
35 36 772549
36 37 244513
37 38 910701
38 39 262233
39 40 732635
40 41 311651
41 42 412934
42 43 975395
43 44 850325
44 45 186966
45 46 77861
46 47 102187
47 48 754542
48 49 990942
49 50 778381
50 51 262937
51 52 605620
52 53 539287
53 54 874013
54 55 900182
55 56 934019
56 57 609078
57 58 412348
58 59 824488
59 60 36952
60 61 481575
61 62 166059
62 63 794924
63 64 502631
64 65 545257
65 66 857533
66 67 75993
67 68 153426
68 69 860370
69 70 824873
70 71 787376
71 72 447721
72 73 375931
73 74 904307
74 75 277550
75 76 116437
76 77 829853
77 78 937916
78 79 8547
79 80 618670
80 81 927774
81 82 100096
82 83 398797
83 84 339798
84 85 750725
85 86 103019
86 87 471676
87 88 734358
88 89 526618
89 90 992399
90 91 686070
91 92 396063
92 93 360418
93 94 841304
94 95 897694
95 96 574255
96 97 56592
97 98 543637
98 99 879756
99 100 571781
100 101 695418
101 102 458112
102 103 832932
103 104 235666
104 105 821381
105 106 704506
106 107 593047
107 108 156331
108 109 180260
109 110 549513
110 111 409724
111 112 782628
112 113 516407
113 114 304329
114 115 82365
115 116 637801
116 117 707005
117 118 986212
118 119 290108
119 120 345552
120 121 401743
121 122 924243
122 123 606028
123 124 726466
124 125 321174
125 126 461800
126 127 960734
127 128 133357
128 129 732638
129 130 829085
130 131 181616
131 132 28463
132 133 379265
133 134 496679
134 135 500479
135 136 197699
136 137 398170
137 138 692137
138 139 181043
139 140 865335
140 141 921230
141 142 645504
142 143 420389
143 144 89438
144 145 744424
145 146 690724
146 147 103236
147 148 366234
148 149 257105
149 150 740473
150 151 602304
151 152 258778
152 153 607990
153 154 261351
154 155 240855
155 156 262262
156 157 764340
157 158 84871
158 159 635333
159 160 381376
160 161 445840
161 162 666271
162 163 891900
163 164 422908
164 165 591956
165 166 601944
166 167 696777
167 168 26039
168 169 109535
169 170 973326
170 171 264103
171 172 950448
172 173 789542
173 174 352880
174 175 12548
175 176 896714
176 177 9826
177 178 619715
178 179 251363
179 180 618084
180 181 388590
181 182 965178
182 183 973340
183 184 857012
184 185 491497
185 186 385006
186 187 931777
187 188 136844
188 189 970845
189 190 492342
190 191 557379
191 192 953023
192 193 336158
193 194 375500
194 195 257557
195 196 966010
196 197 489751
197 198 203722
198 199 584480
199 200 573695
200 201 355699
201 202 618945
202 203 12340
203 204 103995
204 205 710393
205 206 309069
206 207 790473
207 208 508514
208 209 51142
209 210 850294
210 211 689172
211 212 427701
212 213 887206
213 214 974640
214 215 861960
215 216 395580
216 217 937291
217 218 750487
218 219 595583
219 220 536086
220 221 318550
221 222 49567
222 223 878072
223 224 683895
224 225 921875
225 226 304824
226 227 983834
227 228 428092
228 229 451800
229 230 483699
230 231 730378
231 232 579245
232 233 575341
233 234 701736
234 235 384807
235 236 178255
236 237 693683
237 238 840468
238 239 394238
239 240 270324
240 241 57686
241 242 623171
242 243 210173
243 244 359083
244 245 411402
245 246 880868
246 247 818729
247 248 380458
248 249 969121
249 250 174296
250 251 223045
251 252 406796
252 253 305035
253 254 480594
254 255 170075
255 256 895762
256 257 940340
257 258 290539
258 259 177869
259 260 196667
260 261 386964
261 262 287098
262 263 942319
263 264 669384
264 265 521539
265 266 938417
266 267 325448
267 268 705971
268 269 255305
269 270 855945
270 271 74011
271 272 57601
272 273 30515
273 274 600439
274 275 988941
275 276 473749
276 277 446069
277 278 900010
278 279 79023
279 280 508987
280 281 369602
281 282 443961
282 283 515229
283 284 649269
284 285 436149
285 286 663859
286 287 491860
287 288 134425
288 289 680390
289 290 754263
290 291 462602
291 292 578662
292 293 955661
293 294 528491
294 295 257708
295 296 407227
296 297 798592
297 298 947413
298 299 734298
299 300 747286
300 301 427127
301 302 421006
302 303 981029
303 304 186193
304 305 288167
305 306 810291
306 307 380850
307 308 36740
308 309 701041
309 310 994809
310 311 485502
311 312 153262
312 313 757642
313 314 541074
314 315 298023
315 316 93405
316 317 196148
317 318 777998
318 319 53320
319 320 72982
320 321 41803
321 322 365571
322 323 265810
323 324 650011
324 325 563811
325 326 435534
326 327 207868
327 328 796718
328 329 999415
329 330 485243
330 331 995423
331 332 692080
332 333 499255
333 334 513188
334 335 615450
335 336 290903
336 337 933134
337 338 824757
338 339 873572
339 340 92398
340 341 424099
341 342 793806
342 343 346497
343 344 311599
344 345 675113
345 346 77433
346 347 699231
347 348 369898
348 349 719037
349 350 773490
350 351 591763
351 352 701148
352 353 194197
353 354 594892
354 355 713389
355 356 58831
356 357 479356
357 358 113946
358 359 177371
359 360 592374
360 361 680982
361 362 544911
362 363 784004
363 364 779159
364 365 956325
365 366 755760
366 367 498623
367 368 534323
368 369 976875
369 370 906327
370 371 686043
371 372 450321
372 373 290457
373 374 517665
374 375 618539
375 376 324841
376 377 699296
377 378 50853
378 379 787883
379 380 796065
380 381 630348
381 382 359786
382 383 908615
383 384 279173
384 385 697827
385 386 959207
386 387 858469
387 388 149353
388 389 859887
389 390 342538
390 391 209710
391 392 28445
392 393 475384
393 394 732234
394 395 386384
395 396 564832
396 397 229126
397 398 47457
398 399 503822
399 400 333036
400 401 590133
401 402 387722
402 403 577695
403 404 232854
404 405 189047
405 406 683802
406 407 264932
407 408 975719
408 409 213039
409 410 884609
410 411 227650
411 412 757032
412 413 20213
413 414 358762
414 415 26046
415 416 648875
416 417 967114
417 418 166936
418 419 884654
419 420 876364
420 421 348412
421 422 250689
422 423 65773
423 424 507466
424 425 447867
425 426 973339
426 427 333189
427 428 869613
428 429 730755
429 430 230251
430 431 794696
431 432 415753
432 433 443348
433 434 269945
434 435 905106
435 436 826706
436 437 141303
437 438 151860
438 439 480723
439 440 721583
440 441 9796
441 442 767231
442 443 410636
443 444 453744
444 445 855179
445 446 733960
446 447 625978
447 448 912342
448 449 339699
449 450 770348
450 451 393321
451 452 867372
452 453 869470
453 454 518063
454 455 994489
455 456 410714
456 457 867419
457 458 688441
458 459 160812
459 460 257073
460 461 35840
461 462 432779
462 463 851641
463 464 202249
464 465 234304
465 466 596806
466 467 532266
467 468 849790
468 469 686134
469 470 657278
470 471 390562
471 472 583308
472 473 320982
473 474 964194
474 475 720300
475 476 652280
476 477 207981
477 478 666367
478 479 568505
479 480 287912
480 481 664167
481 482 859218
482 483 123949
483 484 331706
484 485 12877
485 486 916453
486 487 60832
487 488 949173
488 489 51846
489 490 793895
490 491 128045
491 492 346253
492 493 482707
493 494 774087
494 495 363894
495 496 134860
496 497 829498
497 498 832540
498 499 750998
499 500 41051
500 501 243591
501 502 768740
502 503 149038
503 504 560363
504 505 80087
505 506 662797
506 507 79173
507 508 6814
508 509 836041
509 510 489399
510 511 989848
511 512 271160
512 513 901849
513 514 365359
514 515 426068
515 516 475559
516 517 137224
517 518 740140
518 519 986222
519 520 83163
520 521 671524
521 522 196028
522 523 214285
523 524 810121
524 525 328663
525 526 124735
526 527 454882
527 528 151872
528 529 709825
529 530 890092
530 531 309585
531 532 231049
532 533 406051
533 534 262648
534 535 100366
535 536 702187
536 537 837188
537 538 973340
538 539 98185
539 540 787813
540 541 501013
541 542 710673
542 543 611919
543 544 581779
544 545 989934
545 546 290229
546 547 921700
547 548 498972
548 549 421295
549 550 204337
550 551 492328
551 552 698450
552 553 225280
553 554 26224
554 555 927286
555 556 685649
556 557 670891
557 558 149215
558 559 331908
559 560 168842
560 561 8493
561 562 439076
562 563 66831
563 564 396103
564 565 496370
565 566 318931
566 567 115221
567 568 204810
568 569 157438
569 570 551202
570 571 52306
571 572 370891
572 573 714858
573 574 940647
574 575 586931
575 576 834303
576 577 778583
577 578 926542
578 579 760227
579 580 340138
580 581 850811
581 582 219025
582 583 666010
583 584 748747
584 585 873429
585 586 902929
586 587 336308
587 588 223225
588 589 500601
589 590 66188
590 591 347082
591 592 990324
592 593 273863
593 594 160343
594 595 424107
595 596 123613
596 597 581148
597 598 517935
598 599 281434
599 600 211736
600 601 156539
601 602 442386
602 603 881590
603 604 152075
604 605 937110
605 606 471619
606 607 24298
607 608 913845
608 609 142674
609 610 58384
610 611 320720
611 612 274265
612 613 160501
613 614 646961
614 615 309904
615 616 187248
616 617 383659
617 618 377303
618 619 663307
619 620 815928
620 621 100487
621 622 596443
622 623 140635
623 624 776056
624 625 774985
625 626 841786
626 627 462163
627 628 240392
628 629 692929
629 630 651283
630 631 264795
631 632 527003
632 633 35314
633 634 20754
634 635 703930
635 636 301169
636 637 499413
637 638 161574
638 639 564527
639 640 922473
640 641 71663
641 642 848523
642 643 259987
643 644 417119
644 645 481123
645 646 916445
646 647 931695
647 648 19371
648 649 635048
649 650 521389
650 651 599509
651 652 340527
652 653 737685
653 654 434170
654 655 455071
655 656 561855
656 657 142422
657 658 464909
658 659 992052
659 660 109100
660 661 323344
661 662 434187
662 663 531053
663 664 791468
664 665 755899
665 666 317142
666 667 964567
667 668 818807
668 669 711879
669 670 987585
670 671 45940
671 672 245081
672 673 792589
673 674 224372
674 675 817910
675 676 131108
676 677 543117
677 678 565502
678 679 578066
679 680 598128
680 681 81313
681 682 396432
682 683 882110
683 684 310835
684 685 303202
685 686 953592
686 687 930277
687 688 744879
688 689 754104
689 690 748485
690 691 771823
691 692 53592
692 693 422164
693 694 128675
694 695 321493
695 696 629683
696 697 930820
697 698 716856
698 699 466467
699 700 312824
700 701 821075
701 702 874530
702 703 666783
703 704 271921
704 705 307217
705 706 137011
706 707 36014
707 708 750293
708 709 459760
709 710 650377
710 711 267011
711 712 345429
712 713 526638
713 714 181258
714 715 862152
715 716 163401
716 717 165616
717 718 500722
718 719 328923
719 720 194351
720 721 128834
721 722 518226
722 723 788689
723 724 765322
724 725 668851
725 726 391727
726 727 813565
727 728 727824
728 729 118786
729 730 431660
730 731 46232
731 732 269840
732 733 753041
733 734 142398
734 735 839896
735 736 275242
736 737 813546
737 738 448671
738 739 196424
739 740 160724
740 741 968859
741 742 492757
742 743 749287
743 744 961794
744 745 85690
745 746 130051
746 747 872187
747 748 208976
748 749 945865
749 750 223578
750 751 717396
751 752 560151
752 753 884128
753 754 980369
754 755 349309
755 756 299827
756 757 352401
757 758 659043
758 759 912955
759 760 702275
760 761 417216
761 762 393525
762 763 595527
763 764 717151
764 765 708633
765 766 447896
766 767 309713
767 768 113931
768 769 623168
769 770 449495
770 771 939415
771 772 414194
772 773 6828
773 774 35354
774 775 320360
775 776 983342
776 777 936903
777 778 633158
778 779 739879
779 780 822687
780 781 171332
781 782 573729
782 783 950860
783 784 178561
784 785 778541
785 786 21279
786 787 836876
787 788 975871
788 789 482155
789 790 728282
790 791 955606
791 792 203837
792 793 906686
793 794 881516
794 795 600440
795 796 80112
796 797 865522
797 798 548879
798 799 191880
799 800 416095
800 801 578672
801 802 595209
802 803 701001
803 804 116394
804 805 685368
805 806 346592
806 807 501906
807 808 119009
808 809 952157
809 810 695617
810 811 276931
811 812 98787
812 813 941612
813 814 248029
814 815 782645
815 816 367403
816 817 315134
817 818 466621
818 819 834951
819 820 202329
820 821 614942
821 822 575000
822 823 82699
823 824 939550
824 825 168503
825 826 141717
826 827 507926
827 828 448178
828 829 969604
829 830 966849
830 831 625008
831 832 996559
832 833 474167
833 834 431215
834 835 813432
835 836 667692
836 837 598501
837 838 76591
838 839 184307
839 840 496596
840 841 351813
841 842 420633
842 843 534425
843 844 945124
844 845 97890
845 846 842687
846 847 208426
847 848 141787
848 849 389354
849 850 968163
850 851 973802
851 852 247101
852 853 370732
853 854 240020
854 855 379123
855 856 864447
856 857 863719
857 858 815507
858 859 946004
859 860 95809
860 861 425924
861 862 745633
862 863 254131
863 864 585451
864 865 136766
865 866 962174
866 867 60850
867 868 72805
868 869 559771
869 870 371016
870 871 664757
871 872 633386
872 873 823332
873 874 70701
874 875 329791
875 876 561952
876 877 178382
877 878 686210
878 879 2031
879 880 425884
880 881 206748
881 882 729404
882 883 253779
883 884 350925
884 885 701559
885 886 213847
886 887 319455
887 888 955326
888 889 840062
889 890 430258
890 891 238220
891 892 295226
892 893 955026
893 894 124637
894 895 830072
895 896 245528
896 897 137739
897 898 798408
898 899 139026
899 900 178507
900 901 931171
901 902 89392
902 903 13553
903 904 742250
904 905 265049
905 906 180063
906 907 824910
907 908 960803
908 909 37981
909 910 581074
910 911 84539
911 912 578112
912 913 431905
913 914 966472
914 915 866308
915 916 944748
916 917 405337
917 918 923190
918 919 235879
919 920 912160
920 921 486867
921 922 151454
922 923 876832
923 924 630907
924 925 22813
925 926 504270
926 927 254544
927 928 417840
928 929 481001
929 930 230368
930 931 371807
931 932 279450
932 933 153320
933 934 319324
934 935 508064
935 936 403260
936 937 105695
937 938 80176
938 939 151854
939 940 745289
940 941 683707
941 942 184974
942 943 787225
943 944 62110
944 945 880022
945 946 956941
946 947 851689
947 948 555504
948 949 456001
949 950 385738
950 951 620207
951 952 884461
952 953 834283
953 954 847854
954 955 38880
955 956 88535
956 957 110704
957 958 613089
958 959 693454
959 960 874373
960 961 168922
961 962 200130
962 963 537340
963 964 175454
964 965 474367
965 966 909730
966 967 854740
967 968 634292
968 969 117125
969 970 414221
970 971 690652
971 972 263952
972 973 159156
973 974 884074
974 975 662738
975 976 40614
976 977 868943
977 978 677554
978 979 81991
979 980 401677
980 981 476044
981 982 444290
982 983 730142
983 984 796559
984 985 781530
985 986 49289
986 987 659300
987 988 603851
988 989 63086
989 990 290597
990 991 540452
991 992 542064
992 993 105656
993 994 146598
994 995 632860
995 996 530223
996 997 84455
997 998 571828
998 999 904290
999 1000 681166
