500
177451470 494933863 217484314 583315910 84981195 409514275 752396904 573100254 813990141 217736714 11116481 445966888 874032886 136028981 70742801 166268136 891713051 376825653 166515799 979766805 410558501 263323273 538000678 300887260 193876641 700223529 672060197 692717342 366356336 335870463 491061392 727604718 838014280 448429417 233328309 14278676 788015153 302988217 540821112 695730317 430672394 158827189 534257872 523716360 767908609 116091159 316983111 698366058 254728734 169949965 391947389 990132556 188964281 399750842 139248806 995622008 571579391 218077363 722748936 527398767 395953009 975435907 614701438 138520293 218915685 109016360 918393592 707371843 571352195 458535316 87542264 8796965 502583625 388538669 590858774 788928986 554151560 151102541 678892413 752379879 499164133 866645187 243297131 536347523 437007449 417686096 368114869 40448796 948422320 214327082 867584066 890299345 163790350 282713213 106063243 519499254 629138021 930051813 320312097 344172948 200415489 249131765 191567655 113464038 251653372 346851763 436465619 983744220 58746826 822019353 942265329 137453468 981285295 967388310 184025953 568367356 41103939 32126859 144467860 600040714 814713077 397396943 630457363 718260356 838006149 180811307 166803192 874288992 619518089 606747358 244697458 69372229 977548265 658317339 41373765 368975376 510440291 10732678 937155656 313283152 718177543 25426874 429718245 273392586 520372668 583416518 140773021 425616886 572040633 273994923 72711554 7117953 197810445 12664032 72246203 558621129 902301720 982177231 387981315 743655267 351620112 592492885 886599722 564612760 446980989 59068230 435902355 376625891 500939452 967678438 274700724 667070581 210977920 489666673 74431129 969373874 620012108 362690452 577032033 58084530 916167931 5804529 999038655 131353537 735472952 694974623 864326010 421866462 451171334 314985384 897544942 205251136 523699002 729950857 830341513 900777420 984798716 287473334 563564367 348143008 55742281 47204372 389050967 176616844 47405684 111291260 272794955 423912083 99582368 416381758 345602028 731453295 496854599 184637340 454045579 600467722 307542967 763283787 920090513 855335686 115767184 639166454 212746744 947162165 223511623 324961979 271103952 685734689 135231910 937668779 149625275 32239750 323003721 763065678 535621745 731381204 905929507 545031453 884313405 593601966 462734839 318709254 983652990 395744365 347901919 673040364 505183271 210326173 551910088 926212389 837107775 795771774 64194292 656571130 609083234 899623300 149509495 293996073 14435134 64174808 274332859 772001638 530045207 493225429 209089789 92195798 506814019 462808460 149323469 761116051 157893806 750831169 528717201 180942892 270405976 464058860 966420482 501869858 609273554 514940089 422027437 355330155 676353477 790612359 706510452 679646450 603774314 677043820 463027467 16668437 34192403 791384368 20106620 237189926 356282273 553554894 9671843 622190059 631883276 186681591 751023538 266726687 100457951 704678030 727537326 650945006 816772792 812676140 165051632 386189180 760025548 383949726 482141094 906643295 35395681 850211170 210820687 484083232 324800082 356978478 788775234 188157887 209763983 864668265 674830888 316806188 964231067 351312048 336050301 182399950 703263244 181961810 926352915 179641343 34622222 801239252 952151951 766276494 401843424 780988270 588258538 504305468 414293845 297624460 759413233 677979712 901369941 448296782 208342726 382328516 436995162 553967625 214444124 335563365 662425331 965571267 856576255 383761078 5415236 635144379 631478474 360453566 50143875 190723039 501263919 7074421 893632125 849625939 558761587 101123403 562886159 245274609 48780847 497573025 639562158 199280836 744282576 451669326 871942624 668997515 793505303 149942044 68208576 271824189 512161946 227838281 50339198 164976255 793845825 347918086 742020316 543135791 581064138 59509755 391184306 491828189 912272454 866771136 926394987 122127436 514163098 914141029 152667270 692410869 117339903 544266220 892554006 569188229 463976834 472990922 7925570 986009178 449976964 99436394 735824070 125022986 769620027 244565161 494781040 218268124 178452015 655929691 972988068 823999308 480380350 867131077 129349080 827383948 911589017 118363937 66123544 575436798 174524228 632130077 708487812 924934587 754093466 285739356 93334989 277052431 482676551 450499827 833308860 336009210 345993804 6371309 641465259 191151536 611462527 228472008 801462793 196428058 312606984 143884789 886827738 615753299 88407781 612734556 57104693 402478636 862053222 27212758 635434181 408003241 506674610 440004018 9437769 282205057 308635713 974074160 919985171 876753570 827642207 629507593 408838796 340177067 38933424 183292133 376159407 10975600 199188134 559174115 17852554 780968057 888123148 332275989 208739264 667110787 774461311 883882753 503641098 32993534 589551855 952982817 567539633 502843533 866716451 985756260 666494485 788018057 
500
83 379 236
39 465 408
95 447 158
38 478 36
10 348 156
25 424 372
80 431 22
6 345 64
89 385 210
72 471 336
59 461 358
83 378 268
112 435 72
166 444 122
76 369 206
40 375 18
29 374 134
82 463 230
155 357 36
143 354 14
149 385 228
17 342 24
13 344 170
16 440 244
110 409 14
93 409 60
147 419 106
48 474 386
129 491 206
144 372 20
51 484 164
100 335 108
19 469 34
137 484 26
106 454 32
15 376 72
130 449 48
111 359 170
94 402 278
21 492 354
166 441 222
72 415 232
49 394 94
97 422 322
144 386 206
42 493 434
152 383 120
12 448 104
53 445 16
13 394 208
30 433 46
104 449 230
70 477 296
138 466 130
31 445 180
6 477 96
78 393 192
146 444 8
84 370 74
100 467 84
42 437 388
92 354 78
165 393 62
87 462 276
74 360 44
134 444 218
109 421 278
37 343 192
150 386 144
139 388 100
76 384 62
165 477 220
90 482 38
149 370 84
160 434 154
105 421 82
14 385 308
94 461 74
1 350 188
95 346 40
120 460 296
150 399 170
48 368 218
52 414 352
160 449 186
47 428 56
91 343 30
3 462 416
31 443 144
124 422 90
130 348 214
52 397 234
9 386 248
86 409 266
72 422 292
105 357 86
18 359 138
141 443 10
111 382 94
134 408 192
30 340 128
65 455 34
67 400 38
161 456 284
65 365 90
26 373 144
124 472 160
92 470 82
143 422 256
92 443 84
116 441 106
99 341 166
37 359 124
19 398 276
86 475 200
126 469 326
66 358 178
139 491 108
96 354 230
130 383 128
137 347 102
33 335 64
57 477 330
154 352 46
164 489 318
95 341 16
79 491 228
44 423 314
129 446 102
87 355 30
29 438 56
7 403 110
142 481 22
30 458 88
96 493 334
74 493 132
73 402 142
88 420 50
34 361 260
48 444 364
86 449 28
61 482 250
114 379 76
13 341 16
54 424 270
6 395 54
65 418 118
44 401 204
12 391 330
18 365 94
146 451 234
52 420 50
126 393 4
84 375 90
142 334 36
77 396 32
123 340 182
32 448 310
57 430 50
114 446 200
26 345 146
101 473 170
56 455 208
76 392 252
53 419 152
8 337 34
147 405 98
120 402 134
18 405 164
117 363 26
151 449 138
53 371 46
90 458 160
103 340 186
86 494 64
106 413 276
6 373 74
107 435 42
87 379 212
4 347 72
112 471 78
110 334 152
163 391 68
157 444 270
69 485 86
165 375 32
161 447 182
152 466 74
25 423 364
77 335 38
156 373 152
3 413 204
18 410 86
102 358 134
13 350 180
14 406 58
56 393 304
135 489 124
3 387 114
59 415 24
123 361 228
74 399 14
128 359 212
13 339 86
14 483 376
135 353 128
90 416 2
36 464 428
73 395 212
89 463 228
149 348 40
137 353 126
44 439 102
107 421 40
138 378 178
61 466 344
60 447 230
81 353 192
153 408 120
13 393 2
42 413 366
160 439 150
63 343 242
30 412 272
106 333 24
102 386 188
110 414 66
27 375 216
158 384 160
39 386 208
107 346 70
56 379 298
7 486 438
106 425 70
119 483 358
59 423 224
34 406 288
123 424 26
89 470 6
141 374 136
133 352 82
127 484 202
98 437 300
3 379 198
91 463 8
60 443 232
122 422 264
56 476 352
111 364 250
137 375 164
108 427 304
22 471 374
9 387 278
20 464 120
6 466 120
83 439 178
81 332 104
70 381 230
49 363 294
96 338 118
35 462 114
100 355 178
68 400 240
137 352 134
123 363 90
126 365 142
99 339 66
4 412 132
50 354 38
158 390 14
144 425 58
8 438 92
90 488 324
37 474 278
80 446 288
36 365 226
162 359 96
95 390 270
145 378 154
71 434 206
59 450 202
145 461 112
140 464 188
57 367 190
147 339 12
119 469 102
71 474 162
54 371 88
151 492 32
66 380 170
83 355 140
119 370 16
117 432 278
67 344 154
134 423 100
122 428 156
163 373 16
72 349 146
7 380 134
10 340 302
120 347 50
149 411 106
164 439 74
36 441 18
126 334 194
52 387 94
60 448 10
101 393 50
138 488 68
57 432 80
139 479 326
161 429 256
54 486 274
153 481 126
28 333 132
58 380 298
53 394 204
114 462 182
27 334 10
116 381 214
114 357 234
88 357 118
68 467 336
58 437 326
138 376 38
13 375 220
57 428 38
110 420 6
1 338 104
64 463 20
25 421 390
28 449 134
67 454 308
51 339 260
164 374 156
113 445 272
73 457 234
35 385 220
26 347 8
53 347 74
66 438 38
100 340 122
48 413 110
19 382 244
52 392 102
163 423 70
93 367 104
99 436 228
60 378 118
125 345 68
108 475 78
1 345 230
149 380 194
166 419 162
41 398 290
140 369 24
116 338 188
82 392 174
156 393 176
26 461 326
163 434 50
73 341 178
40 364 48
4 454 204
114 361 244
152 355 118
113 355 160
61 362 106
125 381 246
36 363 68
90 344 216
150 402 14
104 446 104
21 457 68
66 362 34
154 419 204
65 342 78
86 384 194
163 379 80
72 463 300
69 417 248
9 451 390
1 451 22
166 491 44
125 410 82
8 451 364
87 496 172
93 491 274
109 382 36
61 393 196
47 372 316
113 343 138
132 350 24
57 403 222
157 483 136
152 490 96
102 424 156
68 475 128
161 351 46
164 461 104
51 416 320
24 382 166
130 481 262
129 340 184
101 451 320
71 465 332
40 459 72
42 490 38
37 438 20
118 384 166
90 481 288
10 433 178
11 404 106
28 489 10
54 367 84
112 404 218
70 333 172
100 427 194
122 421 72
145 379 170
164 382 64
3 450 234
153 465 256
59 407 176
37 401 186
87 344 206
138 336 102
66 465 130
130 469 230
161 496 162
24 486 342
4 486 382
145 391 200
126 356 92
126 422 214
159 477 172
17 437 350
146 390 82
19 427 388
134 456 142
131 344 158
130 454 80
141 481 30
54 481 110
146 358 180
165 420 246
89 473 64
89 383 66
81 359 164
43 493 304
96 422 48
83 445 298
5 392 312
62 422 266
45 422 168
111 450 274
1 369 224
63 370 184
85 339 34
62 461 38
57 418 282
37 361 8
136 464 280
31 369 102
90 437 262
38 402 294
109 383 200
94 496 400
155 364 178
124 341 26
103 338 56
122 337 78
152 416 16
74 455 146
78 446 298
152 492 48
131 477 188
151 376 42
7 443 192
144 464 126
110 375 222
50 350 82
91 424 4
94 413 114
73 445 334
163 367 182
16 459 184
22 368 132
76 370 164
54 455 122
162 458 294
60 353 128
88 471 318
84 357 102
43 370 180
17 426 4
64 388 14
115 385 216
100 390 166
87 480 110
