500 500
63 493
327 63
279 63
204 327
211 327
418 327
100 204
22 279
379 279
315 63
387 63
102 63
93 211
225 327
115 379
251 22
105 204
152 379
318 204
47 204
148 105
294 327
443 63
363 204
312 327
409 379
140 279
469 47
447 379
62 105
255 363
277 387
370 418
450 102
169 450
130 255
400 47
16 251
477 130
288 469
445 115
37 93
292 279
188 292
238 477
78 418
212 251
341 493
145 477
361 238
369 445
296 341
185 102
134 185
403 47
199 369
287 341
329 140
76 211
190 315
383 100
200 169
404 369
367 145
259 296
80 404
386 185
27 287
7 212
335 255
317 225
168 400
194 386
55 288
427 194
362 404
65 443
256 255
53 469
161 277
441 225
464 168
448 55
439 341
319 194
471 361
482 190
181 16
137 211
331 379
306 318
12 80
478 47
463 211
8 287
219 288
283 100
454 482
429 200
155 292
109 155
40 369
30 441
26 7
220 76
458 22
345 190
179 450
372 8
253 259
350 255
436 47
309 341
206 387
156 8
174 277
101 204
290 331
451 287
18 451
411 101
394 199
298 78
234 296
232 386
414 78
435 105
180 78
423 53
289 238
398 451
24 168
402 109
73 327
240 458
366 403
311 145
149 234
66 140
36 105
500 134
128 447
10 36
413 311
262 477
50 156
14 181
349 450
104 225
269 255
338 454
52 327
437 238
466 134
452 148
107 404
237 181
422 379
472 441
470 398
297 277
114 331
60 115
252 345
376 27
354 469
434 194
96 482
302 297
389 101
405 255
186 454
146 279
108 387
187 76
270 411
139 27
483 386
29 152
28 329
118 441
147 156
359 140
4 180
43 194
360 317
375 107
196 181
336 362
154 145
271 441
495 130
324 26
110 152
285 318
346 180
119 220
74 298
222 232
310 28
250 102
159 309
46 119
90 452
5 270
64 188
160 418
166 472
6 188
230 55
334 169
94 448
182 93
245 452
215 30
424 362
121 423
488 146
142 435
178 27
77 65
216 386
276 445
233 181
397 100
111 108
249 196
193 96
49 24
2 152
68 398
284 96
461 230
374 375
438 434
457 26
208 296
183 414
380 77
280 101
189 49
293 182
150 90
41 238
420 400
260 363
1 188
267 493
484 7
15 18
449 338
48 40
133 185
126 350
444 74
202 374
228 16
392 293
79 405
198 114
301 447
316 256
425 137
151 360
496 324
170 216
58 372
207 30
281 207
460 149
499 376
241 289
164 78
321 76
268 18
421 186
377 36
263 41
117 293
333 386
99 134
243 47
201 333
371 496
364 12
158 371
415 222
282 220
69 367
467 140
489 269
39 469
381 10
153 329
129 463
13 133
21 68
396 13
337 370
490 444
373 241
25 445
332 381
56 174
81 309
417 40
308 400
342 156
224 447
32 220
95 397
442 81
462 409
191 139
167 200
497 287
33 58
416 372
272 269
453 361
393 422
390 41
388 193
479 418
54 311
203 101
124 489
239 318
384 78
426 81
486 178
165 490
75 370
278 414
465 280
325 493
31 233
348 298
476 284
459 444
127 168
71 21
428 170
261 411
248 427
217 321
136 36
481 463
175 317
264 222
401 359
320 311
157 47
112 361
138 7
42 389
351 66
141 381
358 280
226 219
313 361
431 400
85 411
3 458
82 417
343 248
176 233
72 255
433 421
246 66
314 108
412 212
247 484
368 248
258 384
295 28
474 5
407 306
44 438
328 155
162 334
274 185
231 7
205 362
352 488
419 308
330 259
480 292
430 359
38 482
223 418
265 8
70 359
391 349
446 321
353 438
84 298
236 302
61 249
17 124
365 325
35 261
143 459
97 147
300 27
491 460
116 384
20 32
11 198
113 157
177 415
322 127
340 217
229 169
86 191
487 369
485 165
254 72
221 435
173 392
378 186
171 388
304 121
468 476
498 394
67 112
135 443
291 276
197 349
399 77
440 147
163 25
344 366
266 386
408 81
432 312
494 287
59 462
172 143
45 110
299 361
455 383
125 163
307 160
475 316
242 194
492 470
473 199
122 33
456 93
192 101
410 299
214 198
51 115
275 466
339 25
385 41
347 18
213 30
326 394
144 434
195 450
227 306
9 232
356 1
34 118
123 192
395 77
303 470
209 154
286 110
91 198
355 200
406 72
305 300
23 206
244 400
323 321
210 376
184 353
382 410
89 67
19 292
131 183
92 432
103 231
273 111
98 169
87 385
132 82
83 492
257 185
88 435
106 194
218 37
235 412
57 490
120 226
357 500
115 40
207 220
118 456
434 477
380 437
301 43
87 403
439 456
309 48
346 45
463 260
418 388
292 67
279 294
171 166
392 237
476 185
367 140
158 469
450 63
89 223
226 410
390 445
383 366
211 277
283 145
259 479
73 422
324 350
144 378
445 488
186 156
255 125
483 70
294 388
237 105
108 303
293 290
442 83
381 38
96 406
201 401
369 24
14 216
434 492
179 411
414 98
410 288
236 363
195 46
67 355
405 50
447 202
242 138
292 104
28 175
329 32
451 135
170 290
291 414
69 187
131 117
145 86
471 460
151 47
304 107
288 37
75 166
252 316
257 129
385 251
381 129
64 8
199 228
112 94
76 390
96 45
324 8
491 99
149 498
40 33
482 256
496 289
162 144
204 191
292 220
205 332
381 250
317 396
79 381
161 219
443 393
425 353
205 146
414 210
394 338
2 91
418 450
39 8
217 345
473 378
220 163
207 307
304 447
483 28
383 108
246 485
83 101
459 233
497 247
453 491
374 133
465 499
369 161
422 202
133 51
329 190
247 469
443 190
488 120
356 485
166 377
327 68
96 54
216 370
319 107
314 119
8 32
490 305
417 17
218 20
372 331
475 198
432 197
61 487
261 332
262 66
351 284
51 19
159 335
209 31
149 20
363 232
89 333
59 64
16 258
87 139
354 261
29 204
219 474
119 109
411 278
358 496
183 261
84 12
406 214
257 222
386 200
493 268
72 199
256 74
213 297
192 302
393 157
479 116
149 278
248 52
229 36
341 320
228 315
88 478
107 479
289 215
145 339
466 255
430 16
319 268
29 28
346 276
374 363
193 301
430 38
47 266
2 44
469 340
84 415
160 81
239 413
275 334
86 305
22 129
63 119
52 31
314 280
287 389
152 348
172 17
96 43
54 275
364 306
281 279
264 269
105 171
258 123
43 14
296 450
163 482
223 145
100 183
114 432
90 446
203 391
489 154
136 437
445 153
470 53
127 78
315 194
296 43
312 332
310 57
310 423
474 372
192 243
378 144
445 344
47 422
474 53
431 349
314 404
141 354
114 22
360 420
7 457
453 470
399 200
259 441
49 117
316 83
288 339
343 112
146 82
232 242
191 383
102 179
158 295
247 266
111 310
204 301
149 397
476 35
500 481
218 54
129 393
188 480
332 285
395 142
437 275
7 433
259 89
27 46
179 17
454 217
165 414
37 276
77 152
415 299
24 234
3 294
171 441
25 64
444 308
389 46
269 252
183 338
270 179
435 341
488 337
170 316
411 364
30 482
423 43
120 397
308 196
457 438
54 378
235 379
299 388
307 281
298 144
406 31
440 321
235 147
260 132
3 13
95 482
278 235
76 163
152 19
406 397
307 217
364 325
470 322
177 406
427 228
282 50
198 152
308 409
330 253
420 332
426 302
167 372
318 291
280 349
60 469
128 372
418 368
457 113
482 135
336 412
1 217
121 389
341 156
338 60
284 107
308 214
37 423
451 72
12 457
266 293
171 477
13 339
328 196
337 8
106 153
462 407
67 463
476 165
425 373
208 266
236 63
183 124
71 33
225 11
14 334
127 492
133 104
336 100
82 468
215 204
424 35
249 383
494 457
267 415
142 414
288 227
401 148
305 133
264 473
302 464
385 311
460 394
497 116
247 151
202 106
347 27
332 165
247 86
493 466
298 85
6 327
251 301
301 146
355 61
457 79
340 102
135 74
74 356
457 133
54 420
400 429
138 260
49 33
392 139
62 496
62 487
57 113
472 449
482 312
328 157
195 123
374 378
481 370
496 6
173 5
161 329
55 18
423 4
193 310
210 315
264 108
281 228
306 142
381 11
43 112
90 96
118 20
418 409
105 205
62 69
67 88
442 249
11 25
243 299
165 125
248 351
410 210
152 124
167 260
42 172
58 109
366 380
445 337
426 404
3 268
420 40
363 443
205 268
137 319
195 385
299 137
483 344
188 328
373 158
430 149
220 406
490 32
173 186
312 66
110 420
272 379
273 77
26 147
273 303
87 368
220 138
333 182
92 118
21 92
409 489
273 174
142 314
281 191
151 42
228 430
135 241
77 254
445 313
436 500
251 343
157 345
166 369
55 225
440 6
224 319
402 289
420 13
163 434
356 190
244 69
252 497
147 351
7 299
477 193
14 58
299 189
459 207
155 263
438 131
156 411
270 326
295 198
158 298
125 7
353 323
339 423
165 271
299 44
415 480
5 348
185 368
364 145
46 180
234 436
268 232
301 109
430 124
135 426
278 276
167 438
