1000 1000
421 823 927556132
456 695 -166543927
22 345 -750167452
430 504 472963553
513 775 -825780898
734 529 188164218
977 839 279442507
682 857 320412079
548 796 587704669
103 858 313695141
549 154 551217045
714 735 812575866
602 390 936043948
907 157 -203188611
7 477 -323154278
487 775 695850013
516 152 -236395696
385 869 48574513
291 830 890273751
386 362 757366041
106 204 591946112
46 875 898168655
864 860 683869958
833 891 69776822
172 625 42423902
73 197 299329347
195 69 409824686
990 81 488621047
171 238 -832248286
33 230 -762665711
425 621 911742387
362 688 -507145476
679 347 -265318970
229 432 -624209022
636 12 -745404986
934 111 208281462
972 945 -713128222
771 665 592377832
387 913 -17158875
161 704 -332998580
6 415 421757946
929 152 797351992
725 44 874962767
445 664 737866867
614 250 223720263
914 710 -883791125
904 973 -435585819
225 855 712931456
48 196 -242559237
987 22 612481703
799 653 33340339
544 880 567231015
990 108 580712994
187 858 -129202560
487 128 -462340710
847 881 -609082018
642 419 896996974
38 441 928300599
613 615 563933668
303 827 -8207328
377 822 413283290
469 355 591324127
461 834 180412503
761 216 389157186
955 198 -926082167
451 80 255067228
96 760 21020256
813 515 697535966
813 340 -960777623
931 962 -605489684
731 412 509701936
13 613 -684488419
82 92 -16387518
139 519 -693968217
444 746 -673276547
320 626 -872343090
994 813 543931632
93 26 -143275229
160 655 -664205556
305 736 50751130
46 519 104517589
826 258 -409106800
419 110 709353555
943 768 -372464866
73 5 -801434658
922 783 327516035
318 990 335062280
856 151 719560566
202 15 641149241
103 324 476529958
215 713 -245830861
231 780 -380745607
904 808 -720399571
865 805 -207045604
581 368 614471185
468 940 616000004
189 921 -431404524
221 905 334858575
634 433 879876337
514 107 -452897440
633 889 584146691
597 696 167214739
741 764 934020988
49 76 -775598147
523 618 -543919670
22 917 719234452
232 277 -674528522
549 814 -276467730
272 684 -117754388
673 196 38417105
801 252 252958002
841 965 -893233276
838 507 245344663
251 805 -639654014
828 755 -277821542
63 671 -472332342
664 74 263057684
858 805 197526890
769 313 -253941321
953 812 -276958189
647 258 837071694
568 817 54907322
314 51 -935746802
4 573 -798023807
165 157 -94687373
782 804 722926141
186 184 -220681267
764 465 -19227357
904 202 -314708404
89 412 -226950247
925 834 -486616288
892 869 -663620828
629 344 592785605
618 81 609435991
526 946 -778388451
878 440 -819415358
692 227 267578178
864 60 63221145
898 54 217455643
495 999 940261245
247 554 972509024
546 393 -628733087
14 665 -345120554
359 131 -118986446
386 116 665402796
905 516 -537534775
879 608 -205635085
591 534 297398729
450 588 319194420
352 806 -392782570
149 708 74421517
29 133 904067144
360 569 -506399939
890 595 618472160
769 114 -17842445
323 396 17859728
1000 978 286474913
332 964 38536362
731 698 960285322
67 750 -537199271
322 67 257839139
914 714 -50863826
714 771 929670328
150 359 -905117465
576 619 809863100
790 312 -229151197
397 161 -360111711
286 18 -740814793
783 520 -844576794
165 722 -230473987
448 381 896723200
194 592 -188057113
995 967 508298310
497 393 645378524
173 872 -267011062
23 709 765705346
453 180 942640205
311 73 419826454
620 784 -761984164
198 256 -353826389
333 966 388609958
34 475 193876769
161 875 872945227
105 677 409091906
311 445 79423003
625 809 -860031312
401 664 -230029698
21 91 883675161
549 645 -330261524
697 835 895661672
763 520 -928220892
187 676 -923383338
64 521 -665805618
994 508 -718378891
411 275 452492283
927 612 -59814543
513 978 464600469
763 836 -629308238
577 325 -803904779
894 556 -653702017
122 493 539170467
624 178 -111814441
190 408 670655012
815 226 484605287
22 542 663226656
883 179 316708374
431 265 928973149
622 466 333611925
709 798 787541912
924 82 -973397152
347 686 -290529368
313 954 -771187908
961 179 520451496
464 840 834483589
858 457 -358155480
62 105 -58370145
52 619 -540407752
178 90 960732834
476 498 481727173
268 95 28887749
934 128 915392288
154 658 -589134592
859 397 -443704708
945 690 502496981
138 777 -703923369
245 636 -756077217
313 584 230096942
243 994 591328375
190 369 215551433
706 716 -944922561
973 266 261164060
180 908 31596068
1000 663 969050611
541 195 -979461442
308 646 -945499488
373 932 -8600839
255 851 -629061437
914 815 249951339
102 591 -121852555
212 845 159439767
757 224 -267345515
837 73 955584507
777 583 -455064738
716 99 -285293974
611 33 179962820
113 995 -878000743
503 41 -757431197
133 700 -176482650
974 987 -959004868
324 374 84578659
171 672 -742059883
632 529 -809139182
896 691 995657252
731 432 984900834
860 802 -608498340
240 946 -558932402
417 484 -589932719
789 441 815982124
129 550 -900584725
56 319 397032750
173 327 -856078493
946 842 -16946867
298 399 332862750
274 921 -758134516
770 478 444786744
92 139 -523563203
842 191 176709322
226 410 -926757606
407 131 563003555
469 981 -305758299
491 372 94912178
410 576 672784817
286 783 498934698
950 359 -887862490
306 383 680544245
468 60 727688235
17 746 838394068
809 500 215872795
693 868 769016841
899 798 97328005
726 401 -654415211
21 527 -460896112
629 338 962069014
813 203 660831816
915 714 30118120
200 713 494778337
37 695 -194219167
213 605 769339210
730 959 -391560579
712 477 -748806276
347 11 -837089638
115 981 -849721122
514 214 521901881
721 678 258808946
660 363 -563611098
73 132 -6920847
787 619 249776432
808 801 -871106700
366 670 -767099943
660 196 -853847592
225 637 167600695
917 998 631982015
326 373 -826322492
3 526 725074347
771 133 325824829
616 610 99006230
789 217 108357018
933 612 -552766480
673 325 841059041
973 246 104370321
161 965 539846231
328 515 137687752
729 689 -765252127
895 129 -704660280
713 648 738620651
158 949 -93345120
431 267 980753066
412 985 757640281
828 209 -897758374
130 453 814732325
227 323 30147046
927 613 -539574973
417 483 204573327
122 328 287671520
433 662 811619354
691 425 783970404
847 110 675912035
909 335 -257478089
79 615 -228157375
87 438 -670345654
663 598 -79120158
810 28 -131715786
16 349 575247626
463 301 -839273405
941 78 143571447
27 865 408860831
216 795 -787735904
130 743 169412907
436 506 334394478
826 296 -467618697
606 6 -918591793
514 740 -734452498
106 644 -361497426
806 633 240878633
991 525 -614676929
356 436 604475742
638 416 266616491
189 569 -338215502
852 493 -721241675
473 3 -781616279
21 360 380186420
173 207 -529487039
674 27 909058974
741 922 879108105
828 387 -852078536
466 418 852865249
486 687 549755435
783 268 627146131
487 983 952286259
636 223 296598749
969 970 -967808335
845 976 852658050
262 786 -530648004
302 951 244435133
1 371 219473554
1000 20 -154738240
826 71 120310197
168 972 934565142
302 822 -875295199
107 887 615719917
532 891 368992174
817 630 -239657763
191 334 337477570
204 808 331954211
940 669 -1079900
213 91 541360961
262 404 678905561
133 816 -388248394
131 977 174693216
28 932 -818734571
84 258 -392836044
672 421 -807142936
907 973 -594375825
569 459 -474711683
845 660 -270783777
547 698 459065730
863 130 -366766985
378 672 525277316
465 282 604009482
601 509 -782555782
598 739 -691906700
427 836 96557060
764 417 -118625222
130 380 -642509670
472 485 394302978
604 301 -986205152
995 281 -917945369
242 344 911616593
173 682 57677952
613 306 439332083
970 653 -131810993
811 200 288382046
447 686 2124694
664 94 -249799995
433 242 -593368077
385 7 -295117153
72 169 -341855753
214 792 -164612883
279 134 435289429
514 60 -705346609
728 970 -681050373
707 52 -154248776
713 31 -152872456
248 76 575932417
395 237 450977390
819 842 622529305
818 991 -206192030
8 630 204356794
758 838 -375762797
803 954 217684796
507 242 -865095718
383 53 210328049
15 85 -105719628
694 906 -401537342
118 738 43568951
325 189 730583334
667 209 -784368914
19 69 -399861786
255 82 640877982
951 569 833973338
875 109 -418221239
564 704 -177047160
291 719 -426535502
757 616 47299861
188 410 652748357
157 330 127900647
502 232 -2074012
813 663 394744370
814 929 -379097014
477 75 17699381
54 989 -195710451
485 107 -878415094
828 857 292573915
514 809 894247414
873 85 783716264
576 203 -455093357
723 719 22123765
423 117 50975935
479 851 -216687798
474 907 789282624
370 423 -320961678
599 542 -624629404
211 141 -435913948
376 480 -767323763
199 343 173133851
949 148 -743208842
502 657 24708470
227 120 596353343
301 77 437639655
247 919 788756105
932 99 -913084633
129 285 598963942
432 370 -17970428
278 481 -935413359
898 819 -159787040
303 767 62431065
133 850 777733819
840 335 -641558938
713 800 129258832
635 148 404859271
977 241 546039396
828 825 -83817471
609 788 -143759039
403 687 700469682
308 844 334267688
791 771 820165072
79 426 -405997901
715 121 -374396951
366 377 -115457412
490 128 609086785
593 822 -464211518
857 745 659457797
533 62 811032003
968 842 -750574840
35 702 -888680082
997 44 675592557
144 233 627360613
848 741 678592729
704 368 897177641
627 31 401728684
458 930 481431900
732 406 -305993498
661 404 154382533
54 285 379955594
557 289 645802833
227 700 -162672536
709 848 -419519432
637 903 -985034386
332 36 379474876
610 23 535638635
837 450 -544980014
41 166 580821619
940 786 101874399
133 780 -104049229
28 971 691362878
981 408 52306994
840 497 771554133
307 287 -309558520
119 553 -680448903
345 681 466818157
505 501 782006684
734 407 399101198
383 228 221305471
538 35 497916691
260 933 894957436
476 89 972187865
877 173 291840823
256 21 -330410711
244 562 656506749
56 402 926672986
246 792 -968116612
877 206 -74355269
328 980 -221251453
467 311 469190727
521 138 159210269
774 770 -777294212
987 143 991969564
362 684 728280660
624 879 747397252
937 394 -893445373
771 793 -404477125
566 915 -175500302
532 125 826985697
907 424 36329679
955 617 896274196
417 840 684683723
634 846 -629471146
815 122 470402279
212 398 497542888
786 165 102985373
44 171 99668381
491 379 -604924716
848 525 505483838
279 849 791580965
627 54 9934157
999 438 -480664653
324 953 325177572
12 66 562811171
934 919 213733753
787 693 725160902
661 693 151969950
634 362 131364685
830 420 -645476393
526 948 739354838
154 524 -332832789
228 862 241911975
947 728 -205949585
542 343 952379720
734 764 324517904
724 310 -861852563
261 322 -37598691
114 72 15263306
868 639 967111526
399 539 842220882
173 502 -26970765
675 455 104959769
21 481 796968294
471 264 717531756
270 762 273665107
272 491 -9390782
503 560 -57617266
6 578 -700267683
761 600 364744475
955 181 201428361
640 99 -643170080
699 591 937723412
223 879 -827895587
293 927 -989337407
418 759 -376568929
425 666 791238951
168 643 -500302381
743 173 690543813
754 625 -85949358
598 216 941269571
636 207 22841043
227 412 -429721954
884 671 -166143786
460 614 470981039
905 862 764585552
170 626 -110613518
787 369 138006626
933 658 14933274
300 550 286550586
985 667 -173037560
278 749 -56811707
330 193 59165360
80 537 -205873954
508 601 -460679024
933 497 680863850
884 169 -898407770
53 417 -259248008
105 849 864808400
291 174 -422244706
416 332 233463412
928 771 -577146843
115 498 194279884
137 236 -553123296
351 758 -613422330
207 973 -791754880
178 730 967200509
707 824 355684975
398 728 73115496
95 287 -548328813
107 11 862585294
650 669 110802151
279 822 214004113
946 38 581905950
504 401 -611130141
199 689 -173730936
735 937 729985350
510 117 -922560422
817 281 700748365
742 383 508812110
620 347 -526636967
430 884 636955869
574 148 -115188238
652 313 456479233
156 424 704473477
26 281 872813853
774 828 -146228670
700 184 282932191
355 189 859867985
801 483 925363841
198 820 837277479
938 783 -700306653
749 569 -519635315
519 541 -587517740
320 798 -138725856
54 73 398377255
550 378 -16763216
717 26 -538840892
126 864 -875911039
369 928 112854595
453 870 -419272661
613 322 -959137535
377 832 -539624738
702 934 753478382
157 293 449327720
245 461 -45883648
24 450 -571668787
91 187 503187456
186 972 471464019
245 468 66803712
903 952 505724015
578 803 721155261
337 941 126589401
741 542 -294125163
119 375 -863892579
754 513 -611789264
656 36 488479880
616 242 -578357273
795 714 454336045
169 135 -709313338
602 846 -81026162
157 706 122092136
751 223 692170276
638 579 118946321
612 33 453031176
1000 226 342936863
994 422 275754288
587 41 500007211
581 519 -390299791
96 695 -753509559
786 256 -470484009
104 156 32833072
808 531 -499150267
912 907 821532787
84 801 -221016786
918 204 -10911118
282 756 -266148212
183 625 -571154470
742 6 963934554
344 221 -141748225
908 203 -149679293
552 948 202923414
964 401 -396814539
501 978 -376434446
364 212 358465900
179 636 97330099
753 945 879846708
824 935 927149822
776 197 -196699908
429 767 -485890232
908 251 514432593
265 13 -564440106
988 91 -779921725
871 644 511077040
70 590 299110460
450 866 902252118
843 942 806156125
254 948 604466906
528 380 896787101
723 304 -504036035
764 462 505592671
689 197 529772176
475 64 -235193499
775 482 728422642
839 205 -192194807
197 821 616106382
529 279 -423756675
100 2 54014175
608 687 371486116
891 565 597154169
572 742 799723369
683 725 -259782799
374 143 -13932759
660 80 -557765168
380 319 281009357
894 225 962153429
276 384 -971333631
969 629 903699747
846 110 298955694
528 734 -255794092
362 466 425198124
567 908 -964415515
716 96 -597653180
167 211 114801736
940 706 -987161511
554 628 -658406051
585 23 585035731
25 48 603057852
159 462 -644630413
718 731 -157365288
845 475 457289369
875 416 138430014
992 239 -648243350
619 772 116020815
1000 755 -962897789
469 753 112429999
776 756 649834274
646 401 758831322
858 849 -424206912
751 760 322584805
511 546 984838814
821 15 -911782422
572 46 -617753688
707 532 163219459
285 451 938917176
39 698 277462905
918 982 -331173843
201 507 159111815
544 646 -535010165
777 275 503121559
176 469 718270087
470 589 181000267
883 335 821120466
97 706 316051107
111 97 473013513
609 905 481793799
330 109 -565507449
8 575 584275782
291 166 608197982
8 856 -707331636
322 282 -210526903
263 542 181739587
973 886 426421388
75 39 -3849130
335 871 710015952
329 13 -709175007
460 98 -231813690
658 817 944468410
9 748 168259710
636 773 -984854239
994 678 661076757
570 302 21380339
432 450 -602885689
200 207 -348109342
938 481 -772461751
177 173 -405639108
497 776 290361410
536 622 695180209
111 147 -827982205
986 329 -801175956
957 690 743800551
499 451 -900368363
754 91 240363488
143 205 -340856976
538 864 -704548735
90 218 -301395500
594 556 177459809
955 967 -901655305
508 24 -957046125
641 949 255892828
24 872 -215461881
424 146 -825999554
815 435 102623897
380 31 -994128954
93 244 -781816912
18 747 -78947951
37 837 73239721
817 197 -789259330
490 281 -765809143
100 9 -675026476
14 648 -994660292
407 974 36776348
251 474 -570701533
508 952 -89883694
379 908 -288224271
343 852 988305784
573 87 -213506677
896 342 465064746
417 975 -629749885
364 128 -289956247
22 929 358916865
140 986 -350816540
856 552 485526703
430 581 899034793
571 690 566949855
808 805 -475934784
26 780 861015961
683 984 -800543390
430 550 521447884
261 394 -144402710
452 534 -235301538
677 64 355472503
972 736 182218686
747 135 387842707
684 321 -489602687
965 691 -590805099
764 491 900270618
894 188 -969609647
994 960 149873143
723 665 880652650
195 541 -75665338
942 333 -562505630
878 374 -772761980
785 336 350052543
573 980 17196419
851 960 990589168
27 156 -932836593
115 244 -81107396
337 266 -675204323
385 828 336570916
336 510 -773961663
632 845 -751602652
452 431 567439932
556 982 -637802680
974 690 913358891
540 50 -80768993
204 159 -644168090
374 96 -879493733
651 564 -540325960
148 377 7873195
635 587 -312443233
241 540 -384357162
860 660 304923718
511 681 -846271032
308 246 961708622
639 197 -953812505
317 226 174589565
831 859 333118776
118 338 491634065
939 508 -174543745
217 567 413518245
171 514 542775595
877 780 128940757
762 723 -486980386
686 674 -317255818
529 891 441080379
149 749 -848259117
351 549 -755513732
281 924 637604392
344 939 607651849
125 470 310891724
132 102 -63558901
852 212 -975485816
740 576 673689387
534 3 350909726
997 620 662138188
862 541 265522129
74 699 -181595408
670 174 -17594705
661 15 -944101331
601 869 -494026608
23 586 245652296
220 880 -912225751
71 727 -662771121
303 215 238153818
209 336 -707798310
60 723 116414233
452 79 397747391
798 561 -373167735
279 635 -791922784
273 46 993726089
811 804 427816853
581 587 -729400376
147 691 54933200
156 568 223664011
392 235 -318952851
466 497 880301987
701 616 467125388
413 720 -876295589
796 678 927720218
906 158 892235797
338 521 -328843308
914 121 846956328
55 67 760547795
838 273 830762870
843 199 -521181324
319 877 -501381279
451 186 -471857813
279 332 -643663976
237 205 -834789678
311 692 -634300401
73 168 -975695694
867 344 -704689230
212 545 -146587920
123 895 283863977
155 241 129244892
710 325 22870291
42 374 -461723519
992 912 156161049
154 60 473660282
384 45 -206305702
371 985 123378523
930 401 215171020
535 784 627270543
697 615 110071150
299 967 690030413
116 716 -974989401
762 661 407954171
664 99 -430857559
662 983 665207403
180 912 -454470741
178 351 601752041
850 124 907410160
580 445 -694000627
430 601 49404085
226 567 675131450
708 818 884020026
921 438 -267284458
243 62 901924779
233 532 -3915303
900 54 -311941873
868 372 928477528
873 265 -720835968
749 611 981919166
495 857 64821742
546 13 984022997
378 621 85461865
57 209 -435480654
964 425 -477424411
613 932 -458808021
757 132 929418851
726 162 188992830
831 751 -43543567
518 457 946666327
133 562 204974228
416 514 -566178009
204 217 -328735148
195 222 -859359846
585 715 911467201
729 534 -959145694
803 969 -908940692
949 637 199572671
874 541 793476013
305 495 571842996
88 85 -624351284
617 545 -774145528
229 442 -628822880
214 454 -66454508
201 283 -721607640
110 88 638574908
992 429 876494652
729 908 310797995
329 780 -936247174
933 183 349176389
555 141 556547379
224 314 47282589
410 953 -263560198
93 964 685827907
547 345 -58708736
692 79 629532495
127 307 -641276027
256 998 146342776
260 312 -490118107
998 255 966805965
753 22 423052128
812 13 -61158817
12 373 -693694572
786 817 -189707350
580 774 -403896192
350 757 -105380165
858 461 339774431
481 534 -824239535
554 600 665395667
603 994 540260881
814 421 588707135
823 509 -914312316
850 191 91999886
