100 70
46 40 31 41 51 23 2 20 49 27 44 16 58 35 12 68 14 47 65 26 8 59 40 52 28 6 55 70 31 24 56 69 60 63 53 67 39 15 32 47 42 65 66 38 53 9 29 10 25 61 22 5 18 43 27 36 20 4 13 15 59 33 38 17 4 48 14 2 68 48 54 37 57 23 11 35 21 28 67 43 3 17 11 49 50 30 44 62 46 64 34 51 10 45 61 34 19 1 22 7 
3 29
28 84
43 86
96 63
30 27
100 92
97 33
48 3
45 74
62 96
50 69
95 60
65 44
25 75
99 36
64 38
91 67
1 76
9 79
94 27
34 94
15 22
51 9
29 93
20 27
7 61
74 78
16 40
97 67
15 42
48 27
58 18
100 95
57 83
37 62
57 31
55 93
23 15
8 75
5 56
67 7
97 72
77 75
36 15
82 55
67 40
57 13
86 88
46 29
24 93
79 8
87 35
71 42
85 23
1 41
5 96
81 23
12 97
11 66
27 6
98 32
24 66
84 82
55 96
67 94
25 69
5 65
5 18
54 1
63 54
70 99
92 94
47 39
27 15
74 19
52 25
21 67
13 81
73 2
19 2
22 90
32 49
89 21
80 62
14 17
10 93
46 32
74 17
100 26
38 34
47 29
65 4
68 14
86 20
53 51
90 87
2 55
61 79
59 73
