16 110
2 6
11 5
9 11
13 3
14 7
9 12
16 6
4 10
7 13
6 14
1 16
4 5
12 10
6 7
14 8
12 8
12 5
3 8
7 16
14 15
11 14
5 15
7 11
11 12
8 11
15 10
14 4
16 11
3 7
16 5
4 12
5 14
12 15
3 6
9 2
8 6
6 1
6 4
7 9
15 11
3 2
5 10
3 12
15 8
2 15
7 4
16 13
16 10
10 13
5 7
8 7
1 4
7 12
3 10
4 15
15 7
9 6
3 14
13 6
13 14
1 13
16 9
10 9
15 16
11 2
10 2
15 3
14 12
5 13
2 8
11 13
3 1
3 5
12 13
4 9
9 1
6 10
1 15
9 14
10 11
16 3
1 5
13 4
2 5
8 1
10 7
5 6
14 16
14 10
5 8
9 5
9 15
4 8
13 2
10 1
13 15
4 3
1 14
8 10
7 2
6 11
14 2
12 2
12 6
6 15
8 9
2 16
13 8
7 1
3 11
