128
617 677
554 497
323 663
723 211
974 827
471 163
461 599
317 799
172 41
861 700
520 989
832 236
561 645
681 563
302 407
869 231
355 782
911 680
257 622
1003 398
696 661
827 795
65 510
378 555
497 928
637 634
255 369
793 659
719 265
513 136
438 711
733 270
86 252
645 602
352 210
988 913
704 428
98 698
676 833
446 24
446 222
945 136
592 767
548 508
834 992
302 761
334 796
782 459
893 241
812 153
186 340
660 173
273 35
583 519
708 604
801 182
517 499
514 775
201 506
719 647
822 237
841 67
487 46
451 66
194 129
706 102
169 214
201 509
940 950
703 708
91 519
933 805
451 603
509 720
771 664
522 51
648 785
887 880
869 347
40 923
221 651
996 436
970 570
112 787
371 918
389 284
30 761
509 482
822 868
344 509
633 218
252 45
778 205
413 435
988 321
384 106
935 975
956 886
727 875
531 519
748 13
49 242
231 683
224 156
82 539
701 208
841 825
703 661
608 698
417 488
660 268
750 898
113 785
143 372
400 923
410 315
962 939
686 686
1004 513
233 524
950 939
327 352
977 140
766 164
315 208
889 759
171 248
308 183
