384 887 778 916
128 622 210 809
206 596 298 667
243 685 380 868
67 367 253 737
105 249 156 366
219 53 375 853
32 76 308 275
103 672 307 684
50 221 89 725
94 49 166 657
345 575 362 698
300 298 307 625
284 70 309 874
3 49 15 122
34 131 190 324
234 47 369 660
194 114 354 196
130 591 319 852
93 413 363 521
272 150 313 313
49 502 237 595
51 316 176 643
25 566 237 770
131 413 283 663
124 236 251 608
252 59 298 721
61 132 262 246
345 564 374 695
10 210 378 522
41 85 154 645
108 87 178 375
262 17 368 21
34 280 234 372
12 233 203 370
328 224 329 621
36 31 160 108
29 438 252 508
277 11 372 712
76 39 351 386
60 122 113 176
146 172 159 401
171 541 341 571
156 688 273 794
180 279 206 795
72 19 329 24
60 35 240 650
284 5 315 809
98 247 268 443
256 614 292 852
249 88 293 535
54 8 75 584
179 95 281 579
250 512 334 603
189 188 352 395
123 312 204 466
7 141 173 407
155 183 171 372
319 390 369 507
5 204 316 670
183 165 277 361
227 78 369 677
179 265 336 473
254 171 259 263
265 37 369 669
42 145 139 219
267 464 283 652
153 366 271 791
45 68 348 388
216 219 333 466
10 11 323 692
52 139 197 273
5 177 36 295
85 211 302 322
51 713 351 794
69 616 203 797
164 385 289 418
307 172 380 603
245 303 365 617
33 380 315 875
262 669 319 677
104 112 218 502
81 327 154 728
21 757 84 760
120 223 351 257
41 360 145 514
2 209 21 473
317 725 325 853
74 506 106 745
27 359 209 540
255 380 363 398
166 271 210 423
133 290 212 645
252 471 306 649
307 56 344 56
156 115 317 781
80 119 294 859
99 237 362 658
299 701 353 755
81 236 134 527
182 756 217 816
103 459 259 824
218 113 297 305
230 539 369 789
320 21 355 246
69 482 223 680
138 493 335 819
210 578 340 623
7 611 22 698
152 336 357 755
13 760 269 822
253 101 321 844
291 346 381 464
219 187 226 256
48 238 99 248
234 15 309 103
48 102 128 713
20 174 45 557
313 16 366 109
14 224 174 236
10 287 341 688
54 403 322 594
37 770 132 865
23 665 238 879
58 176 70 886
102 350 139 427
138 289 376 442
151 155 322 632
43 366 150 561
330 764 365 768
279 442 334 741
173 219 379 805
53 213 297 537
307 77 323 222
76 366 265 630
68 272 74 640
260 637 367 766
88 263 205 762
238 508 339 704
250 545 333 720
35 490 215 496
82 157 153 837
78 217 218 642
18 344 199 488
74 222 171 760
68 136 130 628
22 368 131 761
20 594 253 838
234 566 253 567
206 549 242 723
44 632 191 765
114 88 332 165
296 37 374 830
235 690 255 706
258 580 364 830
324 13 383 330
14 130 64 834
127 495 207 653
122 517 125 786
220 63 328 693
3 23 245 755
115 227 151 728
130 169 206 514
145 11 268 76
154 317 209 844
143 82 288 84
139 147 354 870
40 72 189 821
64 128 284 843
86 166 281 354
358 514 371 679
63 47 126 644
143 364 290 481
48 565 259 581
228 64 330 727
280 328 369 885
138 176 343 455
28 341 290 445
14 71 345 739
67 18 279 431
228 25 336 64
25 644 211 694
214 311 226 878
109 638 308 841
61 129 120 169
148 281 240 613
99 74 200 252
37 409 334 624
84 181 285 592
103 69 364 108
188 380 250 817
173 384 252 770
244 293 345 672
72 555 300 573
14 294 339 748
160 329 237 702
193 510 341 833
79 15 315 291
200 220 279 271
18 654 137 690
163 95 353 306
306 500 334 860
33 164 260 793
200 492 270 801
136 472 156 866
86 149 241 762
7 419 107 742
108 141 115 664
142 446 168 811
89 543 305 736
323 132 337 160
138 193 347 652
164 292 355 356
20 143 72 441
50 117 100 230
207 253 335 370
118 15 370 297
290 190 364 750
294 350 303 806
250 179 257 570
29 230 88 590
31 62 238 492
338 292 381 751
331 237 362 744
306 408 347 878
157 236 183 598
92 155 317 176
95 474 182 667
55 129 88 501
77 146 197 563
73 10 152 312
49 288 129 809
353 449 354 734
68 83 151 458
203 412 384 634
169 191 267 307
10 308 226 808
342 453 344 750
111 174 241 788
131 190 289 829
289 37 355 464
72 34 356 360
274 667 311 771
32 87 66 755
76 295 297 802
5 530 35 664
117 550 330 622
329 743 332 811
105 16 150 319
221 375 272 672
71 452 198 611
192 195 358 599
114 109 267 505
293 267 374 548
111 402 315 605
150 581 259 774
13 722 172 790
284 209 357 627
29 218 300 819
220 533 273 744
169 481 259 641
78 301 206 600
8 317 225 568
220 17 247 574
171 98 233 858
16 306 158 640
77 90 186 100
221 76 361 775
18 254 139 529
184 563 216 853
14 363 25 376
222 26 234 512
9 123 88 750
186 331 246 502
156 138 262 431
5 146 189 174
23 182 200 547
78 84 269 864
231 557 282 579
69 385 291 702
251 109 297 247
53 559 354 624
80 489 97 881
264 375 286 782
158 133 220 676
257 211 360 216
69 851 103 887
216 267 231 468
90 477 384 495
14 333 366 738
78 459 142 468
22 75 282 749
82 332 373 881
111 662 338 859
179 823 353 826
56 206 217 466
179 175 329 276
182 126 221 607
206 3 363 307
103 437 189 751
80 768 270 880
148 663 190 851
373 143 376 601
1 4 209 729
121 279 330 310
223 29 342 181
44 183 112 752
240 301 300 314
35 329 319 426
44 104 54 631
243 7 292 182
184 67 243 185
304 377 311 865
21 278 188 681
258 162 299 545
114 475 317 768
164 210 351 575
22 282 80 439
264 463 275 466
74 394 91 532
273 492 368 562
44 355 65 878
182 273 195 320
313 200 370 710
270 397 349 634
160 148 292 444
3 22 50 803
91 430 93 830
74 504 369 712
49 496 247 823
246 434 300 815
9 256 46 419
78 285 150 850
82 344 110 407
84 380 264 642
141 381 354 585
125 325 302 876
106 485 164 755
223 127 325 301
214 545 333 668
203 513 292 630
126 89 284 648
6 383 328 402
59 583 84 883
306 184 361 572
27 52 156 520
69 646 96 712
27 54 155 492
101 686 297 739
252 499 295 552
14 167 196 216
36 124 329 799
341 415 355 427
22 47 126 56
109 683 347 767
8 712 279 856
64 460 383 563
219 244 250 367
105 131 162 583
69 374 186 407
28 452 156 822
111 46 306 507
92 493 126 848
20 317 305 834
186 474 303 526
200 74 276 185
184 315 234 336
268 63 369 743
168 514 206 584
280 155 316 749
21 767 355 869
199 48 275 451
256 67 307 157
122 219 332 252
58 675 131 739
326 440 343 801
33 136 164 568
40 671 313 843
10 574 238 772
240 257 308 579
162 313 323 766
271 113 340 652
13 534 142 852
257 86 356 759
130 439 162 457
41 274 90 360
200 619 283 847
40 35 138 431
363 347 371 864
194 209 326 485
140 102 335 252
97 715 269 860
29 247 99 404
118 521 172 626
9 478 70 656
101 150 305 810
62 119 343 246
27 522 255 603
167 30 272 623
55 334 241 864
83 517 230 580
153 256 273 855
34 94 188 743
160 243 286 554
126 20 347 672
24 33 125 541
13 62 37 130
91 224 207 583
43 265 308 740
68 352 120 653
179 418 319 746
92 84 161 392
158 114 343 412
84 81 180 147
98 330 216 445
170 135 177 788
84 139 338 519
73 534 194 791
1 64 176 414
20 39 208 809
234 36 288 749
20 208 339 829
373 107 375 652
32 67 58 362
11 325 304 646
133 405 370 412
27 51 308 332
222 230 302 373
273 92 381 405
292 571 367 732
230 311 341 797
14 377 197 826
117 479 130 705
134 116 312 512
210 32 291 76
44 25 129 262
105 151 188 549
87 401 197 841
154 522 180 832
56 581 377 757
57 468 169 537
96 36 296 282
178 187 202 235
93 247 197 380
146 11 173 517
111 531 215 795
162 549 383 825
55 283 340 814
215 53 380 91
35 190 382 246
60 81 84 424
87 265 129 447
105 275 192 630
174 349 367 537
323 287 365 421
110 671 151 824
190 48 197 761
96 357 121 604
26 783 181 804
171 5 368 160
145 455 234 754
67 804 383 865
262 513 334 519
287 296 315 374
154 237 348 542
146 191 329 840
80 73 226 206
91 23 122 77
63 477 107 505
1 419 223 602
96 44 172 483
206 482 254 856
165 389 359 838
366 17 384 700
311 89 335 364
273 506 329 535
263 152 293 694
54 346 131 676
21 139 301 271
121 62 378 620
254 95 286 451
125 111 149 606
249 82 331 136
65 670 317 833
185 759 225 763
217 139 238 551
134 39 293 277
30 101 127 514
54 526 252 728
202 364 285 805
149 53 339 107
271 172 325 420
125 296 360 817
98 188 192 458
7 425 127 497
253 171 290 646
162 404 343 665
48 582 62 591
2 62 290 817
66 481 230 719
297 237 336 768
50 220 309 695
240 598 307 644
17 476 184 872
20 137 217 769
56 675 67 847
15 392 345 856
80 223 211 615
105 665 163 851
11 295 30 884
122 6 229 806
36 742 284 790
312 56 373 111
45 49 113 850
146 190 383 441
229 37 353 190
74 529 291 854
174 564 356 823
52 483 72 520
88 494 288 727
222 8 277 782
70 176 206 873
87 295 263 527
93 716 104 750
154 511 256 581
76 257 381 598
3 230 128 521
163 360 251 885
108 125 345 586
49 499 59 692
194 258 266 780
131 233 359 762
156 813 367 885
58 595 356 809
2 442 359 750
252 692 371 747
309 111 351 511
363 431 367 609
88 315 244 443
90 306 304 667
80 117 158 303
52 38 105 400
106 262 159 320
17 125 352 393
148 504 178 626
19 67 156 170
9 502 362 629
295 95 313 168
196 211 247 352
172 20 189 751
100 66 219 340
50 459 323 588
87 326 99 872
105 96 136 171
145 741 244 844
27 531 76 835
75 546 144 882
124 80 135 686
73 265 223 586
292 286 378 644
76 628 378 689
84 17 356 151
88 4 329 241
73 43 277 771
19 468 187 708
173 76 310 547
68 69 245 661
41 30 231 832
33 720 372 838
5 103 247 658
191 11 213 155
206 317 286 885
84 466 264 752
65 112 256 827
3 169 4 300
43 152 299 318
141 4 203 105
3 292 142 781
118 567 355 849
9 79 195 814
348 489 375 678
85 310 312 720
49 598 87 699
219 665 239 851
251 648 259 788
16 59 286 173
209 140 275 862
32 21 89 340
37 16 278 828
95 446 121 470
15 281 44 520
155 417 366 838
130 178 240 719
31 236 207 289
31 263 226 708
129 160 165 708
186 235 201 844
106 136 152 704
21 213 224 775
206 164 286 364
31 324 341 541
45 612 163 739
142 211 245 679
25 151 354 843
27 310 261 403
51 418 238 658
104 275 274 750
116 173 261 639
328 137 343 496
206 108 259 805
66 68 353 248
192 143 194 381
68 246 350 783
16 511 358 783
228 650 333 786
283 43 344 56
113 180 211 602
289 519 306 569
146 516 160 756
351 10 375 15
60 380 212 751
34 380 134 495
3 56 234 143
50 98 157 462
103 104 132 296
131 462 281 793
65 91 162 324
299 79 312 338
244 174 358 830
113 377 377 554
51 432 115 463
100 157 129 226
103 75 283 450
29 426 272 537
165 512 208 749
79 442 221 591
80 614 127 736
47 223 239 503
97 198 204 695
137 153 332 575
35 418 52 770
195 557 217 843
312 181 381 476
149 30 298 644
296 330 312 370
86 65 230 81
161 8 356 249
109 534 307 823
205 65 230 184
37 740 329 753
83 452 257 461
253 165 361 208
160 120 292 495
175 235 249 320
147 483 340 669
134 435 160 722
346 18 365 64
163 50 333 835
32 399 156 419
4 703 174 841
337 193 376 291
167 275 371 525
100 152 326 176
260 486 323 874
200 93 285 549
149 160 305 376
77 693 151 794
141 405 196 646
133 613 283 695
62 7 270 887
33 159 153 702
91 238 211 420
26 450 147 501
21 109 67 492
47 298 171 388
60 368 337 792
108 93 351 829
204 209 284 835
356 143 360 402
58 760 371 878
105 611 133 795
226 155 382 400
52 542 144 830
4 231 280 310
119 172 371 561
178 351 190 769
25 753 302 835
275 58 288 583
166 610 251 822
7 90 191 587
181 276 242 649
77 506 363 587
331 260 349 559
290 22 380 494
207 225 281 561
171 40 267 283
305 251 378 337
60 294 185 837
113 479 302 689
131 178 152 615
210 286 333 367
73 93 115 456
193 298 353 800
190 135 331 700
56 77 77 386
137 97 254 490
43 68 184 695
186 169 307 683
67 655 132 712
39 55 139 280
231 130 357 352
34 337 295 384
349 119 371 413
91 215 97 502
152 378 295 690
217 20 252 546
162 426 318 731
137 38 200 480
42 52 109 287
208 388 267 538
47 121 232 777
15 595 175 622
12 85 342 491
75 179 263 510
220 706 236 724
64 383 229 743
105 554 192 725
198 375 331 596
244 256 309 836
56 83 356 853
68 456 156 607
102 18 240 683
154 379 331 501
217 787 356 882
35 624 350 662
163 490 241 809
165 297 272 455
189 420 200 707
166 286 216 426
98 81 277 857
144 469 251 706
269 21 371 605
106 78 140 803
159 540 380 886
303 108 313 556
117 165 231 375
12 294 83 450
150 126 180 384
140 64 293 755
149 8 280 789
160 407 300 866
47 60 75 763
354 431 359 659
72 56 365 154
63 447 176 786
197 86 369 144
34 693 380 840
54 595 297 709
160 228 213 690
170 535 206 685
11 92 260 427
240 245 309 454
152 472 356 608
9 13 192 693
97 401 270 706
170 200 183 222
329 122 347 241
133 8 191 14
66 105 216 530
13 216 134 368
158 209 382 259
39 271 61 709
63 89 309 222
104 72 287 408
157 332 249 432
144 346 347 592
108 254 232 354
169 664 242 741
38 35 122 257
