98 99
87 48 99 45 32 82 55 82 96 36 26 99 34 35 90 52 97 64 40 46 71 55 99 19 78 32 61 35 92 74 65 58 22 56 26 24 25 17 10 18 79 82 73 30 78 46 25 5 21 95 54 35 88 94 76 76 54 89 70 86 17 87 31 76 43 86 85 67 64 65 68 89 95 42 91 12 54 40 82 27 81 17 28 37 39 26 38 23 87 93 83 79 95 17 29 96 48 70 87
58 99 27 90 65 5 53 57 21 45 27 69 75 30 82 46 37 20 77 100 81 94 84 60 97 34 70 41 13 84 78 31 69 69 51 82 69 61 25 53 21 40 79 30 42 78 39 29 50 48 61 28 99 77 100 40 11 6 52 72 41 9 53 78 25 94 49 10 6 67 11 21 79 98 51 20 18 63 53 64 61 54 75 53 41 77 22 60 17 26 26 50 61 7 48 82 23 13 90
70 77 73 40 90 85 14 53 47 67 22 14 19 34 27 85 49 37 55 49 24 55 40 88 16 30 66 32 69 7 81 83 48 46 88 42 24 40 96 42 78 40 7 23 29 63 12 34 60 53 66 54 82 45 16 84 49 34 87 23 73 20 25 36 25 28 73 72 66 31 95 68 33 91 49 31 90 98 92 91 17 98 91 39 82 34 75 19 94 22 17 59 90 16 86 93 21 83 59
64 83 16 91 60 35 26 26 50 37 93 64 20 75 87 19 70 44 53 12 18 86 85 20 24 92 71 97 36 83 5 69 94 51 42 55 96 90 48 15 59 79 58 16 46 12 92 16 84 31 21 76 21 93 72 32 10 56 81 52 61 68 36 37 41 40 44 69 76 25 64 73 58 32 91 59 39 99 5 85 94 94 34 93 23 51 65 51 47 56 58 84 37 63 17 74 66 43 31
100 48 32 70 30 58 50 92 8 15 60 13 33 98 70 6 74 20 58 80 99 65 48 77 79 17 15 69 95 15 91 33 62 64 34 99 76 76 19 70 40 33 6 89 63 59 16 17 35 90 20 93 52 14 21 61 60 6 86 57 91 98 98 76 86 92 53 92 53 68 80 25 16 96 18 46 63 10 53 87 47 40 63 96 32 80 86 46 28 96 89 45 81 10 32 68 72 69 34
45 27 68 25 11 50 86 43 85 76 52 84 76 22 84 8 12 49 39 83 18 47 66 28 8 41 6 71 74 22 40 82 52 22 95 31 32 11 58 44 34 17 99 14 72 31 53 54 38 87 71 41 86 92 78 5 15 43 98 83 80 77 21 33 97 83 32 67 67 57 90 51 71 14 43 37 100 50 40 70 93 100 71 37 25 77 47 14 18 82 14 73 28 30 97 95 47 12 61
50 34 91 51 89 22 19 84 41 11 70 61 91 59 20 44 96 89 49 86 98 7 35 100 93 38 13 26 97 99 95 78 15 77 100 92 66 14 81 68 20 35 95 27 37 8 63 22 48 33 56 45 18 17 63 67 81 6 55 67 50 18 52 82 29 42 34 96 35 42 87 72 6 43 97 43 75 54 88 21 46 91 39 23 94 63 64 48 7 22 91 46 17 88 31 16 61 48 89
65 26 62 58 51 92 60 29 47 96 42 38 94 55 90 7 25 78 13 89 91 28 62 51 90 39 68 80 67 98 74 10 29 78 19 93 45 56 69 11 47 84 17 72 94 35 70 61 24 31 99 43 40 46 95 61 93 52 8 85 88 64 55 52 58 11 98 97 43 41 91 75 43 89 45 43 87 86 26 15 16 36 66 47 71 41 81 44 36 66 5 9 11 29 28 11 56 48 71
25 73 97 71 73 69 79 43 56 74 76 19 37 26 87 70 33 67 91 67 40 98 99 99 84 35 70 43 19 82 56 11 88 15 11 43 11 62 76 61 33 19 40 100 21 54 31 57 34 94 44 83 72 57 5 5 8 31 72 93 11 60 7 52 80 73 78 70 96 91 39 29 11 81 81 65 19 25 37 53 18 34 77 40 25 68 21 97 48 5 50 16 86 82 8 33 55 13 62
99 74 42 59 18 17 31 80 27 74 83 38 96 75 19 52 19 79 16 91 41 44 66 9 85 91 56 80 16 55 86 42 28 57 55 66 51 58 29 100 41 78 18 43 11 55 96 94 14 60 94 55 31 57 71 66 46 98 96 85 34 95 32 49 39 6 29 73 65 11 81 41 15 82 75 13 6 33 92 71 81 58 28 60 55 23 39 57 95 55 5 73 67 35 79 83 73 64 66
85 87 50 63 69 41 26 83 43 97 7 74 34 25 43 17 5 30 23 54 45 12 31 62 40 42 33 27 58 55 34 22 66 82 36 72 24 43 70 19 58 47 67 48 17 20 66 77 81 16 88 88 63 57 30 37 27 69 49 13 15 7 60 7 36 52 97 30 64 88 54 72 99 64 53 8 96 39 85 92 56 40 77 12 49 30 19 73 38 60 9 50 70 55 26 71 84 29 72
98 31 17 26 58 22 46 77 26 75 96 22 72 72 62 32 59 84 98 57 65 69 97 97 88 93 67 49 15 35 60 33 20 86 21 69 17 88 78 30 56 48 33 57 14 16 49 83 57 77 11 55 78 32 27 21 76 97 57 47 40 35 100 48 82 30 66 12 22 95 92 23 76 71 67 94 73 87 42 27 55 13 32 61 54 91 66 12 27 70 92 92 88 35 13 49 10 80 73
83 91 68 82 94 54 94 26 9 63 38 93 34 39 35 49 33 87 92 71 72 48 65 50 78 8 79 93 94 22 38 42 6 63 93 78 54 30 90 83 84 78 81 71 97 98 54 97 65 48 90 22 47 57 24 100 25 66 46 76 25 73 13 30 29 31 95 56 92 74 48 19 49 69 17 32 18 13 69 96 12 11 70 43 72 73 85 82 67 23 91 18 51 30 60 13 46 70 79
73 25 64 32 37 91 74 6 84 14 68 34 37 91 86 14 18 100 38 22 25 26 89 82 76 82 61 18 86 94 74 30 37 65 56 41 90 71 86 52 44 99 44 92 21 97 89 78 51 92 23 78 91 88 97 37 67 39 48 35 16 55 53 25 69 6 45 96 28 11 21 59 75 90 24 82 52 35 64 100 68 19 80 43 93 27 89 93 75 81 8 29 94 56 15 85 56 86 13
39 74 14 42 24 86 10 62 44 90 13 50 78 92 37 89 5 33 23 18 82 43 88 22 56 27 11 57 74 49 49 77 94 60 75 55 72 45 93 88 69 13 83 60 14 62 41 7 44 47 35 72 91 61 74 32 59 18 5 93 77 68 88 47 32 46 86 63 29 60 68 40 27 63 26 38 8 14 71 24 45 59 78 7 41 100 50 30 88 97 43 10 35 38 71 99 22 41 74
98 6 19 35 25 33 31 51 18 51 82 9 33 36 22 13 20 15 62 74 64 98 73 26 29 37 90 85 63 87 26 94 9 71 50 48 47 99 90 5 93 24 75 100 26 17 82 85 15 53 96 69 43 56 88 47 90 63 72 97 49 41 20 16 76 86 61 12 21 32 21 85 42 71 9 6 77 79 63 22 55 9 57 15 77 79 18 99 9 63 36 62 6 5 30 98 26 92 19
53 45 83 89 12 50 7 36 90 5 98 12 11 97 12 5 6 86 99 65 69 77 91 37 46 70 64 37 11 69 45 74 13 30 35 17 100 70 98 71 39 81 18 69 48 39 6 34 68 22 48 97 25 38 68 62 44 5 56 78 7 87 25 20 75 87 68 66 50 11 7 20 10 5 86 61 91 94 63 5 46 55 70 98 20 32 72 65 64 39 44 39 42 47 40 37 33 91 7
18 93 40 89 42 67 98 72 41 64 13 30 81 32 57 60 52 15 16 88 51 31 60 80 11 80 43 60 64 90 21 86 97 56 95 62 93 89 86 49 12 11 33 68 54 13 7 39 91 11 32 31 57 73 84 35 45 40 8 66 61 28 69 62 51 46 38 99 88 33 87 62 5 5 6 62 41 26 47 65 52 71 78 75 40 37 67 54 93 72 21 56 18 62 60 53 33 91 89
73 69 52 100 98 56 86 98 29 19 72 14 80 44 49 36 57 26 34 9 17 96 32 40 10 43 27 97 90 73 68 56 8 27 98 66 87 13 55 70 97 37 61 26 70 86 99 57 18 41 11 25 63 12 77 74 86 93 40 94 13 42 19 15 75 43 53 75 92 30 59 42 9 88 48 50 59 65 82 5 27 37 7 87 89 63 15 89 33 59 57 34 91 84 69 29 28 66 69
24 64 6 82 88 66 87 51 34 14 14 98 68 95 51 81 20 53 17 11 45 47 91 48 35 37 35 78 56 32 35 74 52 68 57 65 46 29 5 57 30 76 24 59 26 78 94 6 73 10 43 26 78 22 23 14 63 8 39 57 48 15 81 84 82 79 60 10 52 17 96 18 12 40 80 5 27 66 29 57 39 31 36 32 58 53 66 12 84 18 40 87 30 65 97 60 53 29 23
68 95 30 82 33 80 29 60 76 63 39 58 90 82 91 70 76 74 25 38 21 95 32 57 40 45 74 69 9 77 50 53 10 26 77 78 72 39 27 8 10 37 46 42 51 45 60 21 19 91 97 84 41 69 13 26 19 93 59 9 49 6 42 69 60 47 27 25 49 27 60 72 5 34 95 65 83 47 84 77 70 95 50 56 8 52 26 37 83 82 5 20 12 8 74 33 98 36 42
42 66 8 12 13 7 67 36 87 45 34 69 58 85 14 76 68 40 28 12 37 27 18 83 98 89 42 89 25 84 96 82 97 34 64 57 51 97 39 64 7 63 10 40 25 61 79 78 59 97 48 20 33 59 92 100 70 38 14 6 92 50 100 46 34 78 91 72 9 87 47 89 49 88 95 88 51 57 60 9 40 67 75 51 63 75 24 22 86 25 95 67 45 92 22 90 79 85 89
32 69 57 66 55 80 32 84 19 18 28 8 89 69 35 8 8 64 60 35 77 86 83 99 93 9 48 34 90 9 55 82 80 19 71 49 58 50 99 38 61 12 51 39 39 60 51 47 83 64 10 95 41 99 89 31 76 52 75 62 30 98 59 5 6 90 73 69 29 49 5 63 13 98 97 92 76 98 33 71 63 41 44 44 74 82 63 51 55 54 7 73 34 13 69 93 39 62 39
46 90 82 67 23 76 68 17 57 11 8 45 6 30 56 64 71 25 5 80 7 91 34 11 48 52 87 49 70 51 37 24 64 56 30 83 87 99 76 6 22 72 44 92 90 35 53 30 94 76 18 52 32 20 56 28 69 78 15 22 12 26 7 72 33 18 6 47 16 37 79 41 54 56 83 64 26 50 36 24 64 12 99 94 15 78 86 37 31 100 61 99 48 11 65 45 63 89 6
72 14 5 63 35 25 99 94 64 46 22 96 34 14 20 6 28 36 10 61 84 71 63 80 6 93 31 81 46 79 6 48 91 53 73 36 91 38 66 76 39 86 55 26 58 57 81 84 79 66 46 7 99 86 55 32 28 54 80 76 75 91 33 25 11 58 85 86 97 48 32 40 88 35 63 99 38 88 65 72 96 24 86 63 76 33 81 59 57 34 95 53 23 93 50 54 90 25 79
57 89 58 54 37 5 25 95 27 14 96 80 100 22 44 7 50 81 61 19 40 59 15 34 67 52 99 11 96 22 24 35 16 72 45 64 5 41 73 48 14 98 27 10 32 58 47 20 99 30 73 24 13 85 31 20 28 47 21 69 75 95 14 77 98 52 91 43 32 80 55 94 12 29 89 73 20 82 78 37 59 44 56 49 9 42 24 38 71 56 56 23 91 97 57 44 18 61 66
53 34 29 25 81 24 51 60 47 68 19 73 36 41 56 98 71 95 81 57 11 92 51 26 97 37 14 69 90 38 12 50 63 74 59 5 6 22 44 46 33 52 82 83 27 17 52 12 6 55 10 26 47 59 82 26 78 52 91 30 52 46 100 14 33 62 19 45 26 47 100 17 42 35 96 44 99 46 38 100 20 100 44 90 44 68 5 20 46 71 11 85 96 9 82 95 66 31 39
70 53 22 18 92 84 96 72 96 10 96 8 84 86 74 30 99 76 32 54 47 81 27 22 19 21 14 6 90 7 11 6 11 26 67 57 11 51 85 51 91 15 88 92 99 40 27 14 19 67 10 90 56 46 9 41 59 95 64 23 81 66 95 36 11 90 20 29 20 13 62 19 97 62 96 21 38 79 58 42 11 77 10 95 71 45 52 47 68 8 84 38 7 50 26 25 18 54 97
44 51 95 43 47 46 68 70 47 18 33 79 67 50 16 65 14 40 14 46 84 6 16 53 44 51 5 25 22 83 17 85 58 31 98 23 59 32 91 29 46 6 5 12 93 52 37 32 57 57 29 36 94 53 43 18 53 29 41 72 26 39 56 48 23 64 74 31 58 52 57 81 81 58 42 51 48 22 50 12 64 16 66 5 22 20 17 79 7 15 61 8 45 7 85 59 80 81 13
65 33 100 77 39 14 23 9 75 46 40 87 74 64 12 36 98 52 9 75 7 88 55 47 42 6 19 71 54 43 7 33 37 98 7 82 57 30 61 37 61 76 26 63 77 36 74 80 44 48 49 52 94 13 49 54 78 80 71 74 43 28 70 22 80 55 91 30 79 40 78 33 18 55 50 33 34 100 59 12 84 64 64 59 26 65 83 55 6 80 33 40 64 62 56 57 31 13 8
32 61 30 87 39 85 39 26 77 13 7 7 99 74 24 75 7 44 74 12 18 26 10 27 33 20 95 89 52 6 40 22 11 71 88 89 70 54 58 58 11 21 91 96 68 13 72 46 89 59 90 78 58 35 7 97 62 15 23 90 6 89 29 52 47 89 53 91 93 21 15 8 31 24 24 34 12 96 54 49 53 32 100 12 45 87 42 26 9 17 55 50 65 95 88 14 78 43 60
68 76 54 44 81 21 73 40 34 64 19 69 88 65 22 78 24 39 66 49 26 40 37 16 75 91 26 17 5 40 98 7 65 90 18 73 98 32 83 97 18 46 47 48 36 65 97 50 8 88 72 56 67 100 26 6 84 74 6 74 5 66 6 58 49 26 100 86 60 16 81 21 61 92 11 95 5 8 71 11 5 36 9 68 6 46 93 48 52 16 5 66 66 7 30 52 40 31 100
8 74 84 10 21 66 16 38 66 46 37 77 97 67 56 22 68 8 59 78 67 7 9 55 41 39 67 57 27 87 86 38 96 5 51 29 21 91 68 92 42 76 41 67 52 42 58 87 16 8 65 75 60 7 11 30 24 52 33 24 68 17 36 76 86 10 13 31 45 90 28 95 21 8 61 29 84 51 41 63 6 72 48 77 32 40 82 98 77 47 28 62 13 27 34 70 52 45 40
83 84 22 53 63 21 63 76 52 33 33 59 94 40 5 56 41 6 5 74 80 69 34 63 29 56 53 56 20 80 66 100 71 60 56 35 23 74 44 35 26 26 96 20 68 32 30 35 33 68 24 20 97 91 25 9 11 21 7 17 31 99 72 53 24 86 18 81 91 51 92 58 81 99 11 52 57 90 79 30 58 41 16 82 88 17 83 76 45 46 87 84 44 68 15 20 7 39 73
21 49 39 100 91 86 90 29 16 46 87 71 24 58 88 75 87 37 50 37 75 72 91 38 65 80 34 53 24 12 38 15 6 47 79 88 98 18 56 91 30 68 21 12 27 47 98 81 100 51 6 33 93 88 93 65 48 77 49 5 100 32 5 97 35 79 81 37 53 22 98 64 14 10 25 29 53 23 64 53 62 31 38 15 83 33 14 26 32 78 37 74 59 39 11 16 19 10 5
39 48 63 59 77 15 40 57 33 5 32 54 76 82 21 96 65 23 97 11 64 27 65 12 90 60 20 61 78 72 25 50 11 12 45 76 35 7 78 88 24 85 58 31 84 30 65 89 44 74 14 89 49 40 7 90 71 61 20 59 84 8 60 20 89 83 39 43 63 9 6 86 68 97 33 82 40 61 78 94 65 65 48 82 82 70 80 57 98 30 9 43 93 40 75 37 10 38 100
58 5 65 79 28 70 6 60 18 43 23 83 52 52 40 5 32 21 82 13 71 58 51 17 66 18 69 40 83 7 38 16 8 57 28 90 43 67 60 54 36 9 64 21 32 65 25 30 9 13 48 26 45 75 68 24 92 99 69 98 39 61 39 84 69 71 91 99 80 35 98 47 79 45 61 44 100 55 87 76 30 68 38 52 39 62 36 26 49 57 8 5 96 40 88 38 58 34 67
9 63 38 70 8 25 24 57 30 75 35 77 76 69 26 87 37 93 43 30 77 6 75 21 10 66 53 7 73 33 6 24 64 9 74 48 81 47 7 55 54 48 59 30 21 24 73 58 55 39 93 75 31 28 82 42 95 38 35 80 21 70 43 26 86 22 42 51 15 98 53 27 24 97 23 5 77 28 94 13 9 57 24 15 78 27 48 74 10 21 48 63 88 39 35 60 75 82 20
29 6 23 96 16 63 29 50 30 73 19 13 44 87 78 18 95 52 64 10 48 8 74 58 87 65 34 75 56 94 63 34 26 71 29 61 44 43 18 18 27 5 51 29 37 34 29 54 45 35 96 41 56 54 75 70 45 53 47 92 94 75 86 68 48 96 91 79 15 16 94 82 52 28 10 73 42 22 71 53 85 57 80 20 62 75 12 90 85 53 33 89 68 92 92 53 89 50 40
58 93 54 84 60 55 58 34 53 53 36 85 20 89 42 31 26 28 24 17 76 89 52 76 19 44 69 34 98 49 47 35 94 43 66 93 24 70 99 70 70 64 38 22 16 71 41 26 59 49 20 62 22 10 73 34 85 76 87 55 60 56 26 31 42 5 16 93 89 51 74 100 74 77 69 58 52 24 87 53 26 82 16 67 73 61 94 5 36 27 8 28 89 28 95 100 30 53 57
41 33 72 58 88 49 89 90 8 60 54 7 70 35 69 38 16 7 88 55 48 86 52 49 54 82 58 56 17 45 74 86 44 69 48 7 23 28 63 25 76 19 86 57 57 80 76 16 53 47 98 87 38 86 82 13 12 87 94 92 40 77 36 30 67 81 22 81 78 51 73 17 82 74 42 26 37 88 86 54 87 18 98 59 60 34 65 13 45 22 48 59 42 49 60 77 32 50 83
100 14 71 75 21 61 97 78 85 97 44 32 98 9 85 51 30 17 34 76 7 84 42 54 78 55 7 36 42 46 28 10 51 51 10 30 59 11 72 22 11 65 55 12 37 18 45 14 42 72 82 55 12 37 22 28 26 37 85 69 94 79 7 30 48 87 96 67 98 82 53 43 93 51 19 96 99 46 62 45 70 36 68 68 96 80 54 22 93 24 84 19 89 83 33 57 53 63 85
81 76 28 78 71 13 77 10 75 52 45 79 78 84 47 67 48 83 67 17 30 28 18 93 27 45 24 65 51 37 17 21 41 32 60 40 65 87 92 67 24 82 30 40 91 69 72 63 84 16 35 28 14 74 90 20 46 51 43 47 59 36 95 38 85 22 97 14 56 12 22 54 24 34 87 91 87 71 21 60 54 21 22 57 13 18 87 90 68 69 96 95 82 63 69 100 95 69 46
85 86 81 65 79 90 81 7 67 40 83 48 27 98 54 17 94 37 70 45 28 91 19 81 78 11 25 42 93 39 78 81 49 46 14 63 20 43 47 16 39 79 73 6 54 11 87 99 5 50 30 48 61 75 8 26 8 96 20 42 37 97 36 55 40 46 11 10 75 69 65 20 90 46 14 74 31 66 66 95 19 66 30 88 51 78 46 80 10 39 8 61 78 92 42 45 27 77 77
52 20 38 23 92 39 44 38 72 27 55 50 20 5 23 57 100 95 34 51 43 51 28 83 97 59 70 46 75 79 24 63 8 57 71 58 89 91 90 11 79 37 69 33 25 36 42 63 52 79 23 31 41 24 90 16 91 16 26 98 51 86 28 34 63 93 44 89 40 11 38 94 66 83 49 33 14 84 63 13 25 7 24 44 98 84 68 59 81 20 23 25 63 66 21 46 75 5 38
52 91 67 12 87 63 18 50 14 43 32 49 96 21 17 40 87 95 84 74 91 71 18 43 28 99 40 30 66 31 97 43 92 36 40 45 42 34 32 79 54 12 24 24 79 64 16 58 39 79 94 100 35 87 6 17 42 43 57 46 12 10 11 27 51 19 25 76 47 17 27 99 50 25 99 37 72 30 100 24 54 91 52 29 28 42 67 13 77 18 95 82 88 45 60 38 99 82 90
44 47 63 22 25 5 70 85 62 60 59 67 27 21 15 15 24 37 67 54 49 26 49 67 78 13 40 29 41 67 52 6 35 53 88 85 56 51 16 12 39 27 92 36 93 80 76 15 19 8 65 40 94 22 99 96 45 11 69 65 41 5 25 23 74 43 15 55 64 14 97 95 27 75 43 52 80 93 63 40 38 70 56 52 93 77 67 32 72 82 42 90 81 21 93 75 35 75 65
5 84 48 48 41 78 29 51 35 96 71 7 19 86 23 16 9 96 46 28 58 100 19 96 78 96 80 89 36 84 25 73 90 78 11 18 5 45 63 65 32 84 59 6 47 43 80 93 79 5 71 48 31 86 29 29 11 63 81 54 49 91 8 93 53 66 11 90 98 26 26 77 58 93 99 61 39 71 34 24 56 6 95 95 67 17 66 21 29 58 55 70 65 32 99 77 37 17 70
22 28 25 25 13 50 72 80 91 76 39 69 29 90 32 48 91 81 60 53 50 34 100 58 53 12 8 99 78 69 47 55 84 49 36 11 97 98 50 86 85 85 71 21 72 53 98 52 38 24 94 50 68 86 99 15 65 72 79 79 73 64 35 52 11 38 98 89 31 77 45 14 82 40 70 10 46 13 79 45 31 85 61 89 48 17 52 93 8 90 46 15 64 63 79 28 81 33 82
29 81 18 64 62 39 40 47 68 69 49 33 52 81 51 96 88 18 9 12 45 18 26 29 66 19 41 82 58 68 25 80 40 13 71 11 62 90 81 72 13 56 35 37 96 92 62 28 65 42 53 45 69 94 49 91 52 6 80 70 37 91 32 92 52 27 76 15 98 89 70 99 25 100 38 75 29 64 81 49 83 33 39 99 47 79 67 34 78 88 97 81 29 79 95 37 95 36 8
65 23 63 21 74 25 9 24 43 28 53 45 96 50 68 62 100 72 65 56 82 95 94 70 63 54 16 97 32 38 96 27 75 59 82 73 86 48 82 16 11 55 59 30 94 82 58 85 98 67 52 42 6 16 99 27 88 28 29 33 16 11 18 97 33 90 98 18 16 82 52 19 82 82 91 27 24 72 24 48 32 32 65 29 70 85 14 58 42 97 50 35 53 6 71 24 83 28 93
23 58 80 7 59 73 73 75 87 9 95 39 73 67 65 48 21 87 69 34 33 78 24 8 75 96 82 85 51 50 9 94 94 22 69 84 54 98 14 80 13 55 8 45 85 65 83 15 38 38 80 99 79 6 98 73 56 97 62 14 31 37 32 86 76 67 40 85 61 7 68 65 99 78 98 7 61 38 81 53 42 12 81 92 78 96 69 64 20 27 28 41 63 72 93 96 41 12 95
58 92 18 12 27 19 41 74 27 52 76 20 75 74 72 80 42 78 32 33 14 100 86 28 10 6 20 51 73 72 90 70 23 82 33 5 58 88 74 52 85 59 71 90 30 84 13 46 96 77 39 66 79 36 63 31 36 48 92 45 95 37 77 34 6 96 84 32 13 14 46 19 27 79 95 35 48 93 45 92 32 82 48 74 72 27 24 91 98 59 89 82 56 56 96 43 34 39 33
33 91 18 92 56 73 83 100 94 39 52 92 57 13 99 99 41 83 99 58 65 64 88 12 19 30 76 56 44 24 6 69 11 92 26 60 76 32 83 44 81 63 87 84 79 68 26 22 84 38 59 90 17 93 57 93 5 90 70 18 76 28 18 29 56 6 56 45 14 65 69 100 13 58 62 27 53 35 92 63 22 57 56 43 34 32 60 67 20 46 91 15 18 9 100 52 33 92 5
50 37 32 8 61 19 96 70 48 51 89 21 68 44 33 89 75 56 18 97 78 76 20 81 28 16 78 52 77 100 37 84 15 14 94 98 21 46 18 95 52 54 39 70 93 21 59 36 39 93 51 100 62 100 66 16 100 43 66 49 78 83 66 5 60 33 82 75 73 19 67 52 92 5 98 16 15 12 14 77 5 76 36 27 24 42 67 53 79 16 100 53 22 87 69 96 68 52 22
8 15 27 34 36 30 86 70 39 95 18 85 33 81 51 55 39 95 42 38 38 20 87 58 72 48 16 95 80 24 73 80 39 69 99 49 65 56 49 74 61 6 49 16 71 55 9 51 8 19 22 39 27 33 99 88 23 31 84 92 73 93 75 19 58 82 93 57 10 87 87 63 63 73 31 96 9 76 31 59 24 59 56 32 97 65 88 89 17 92 25 42 74 10 7 84 5 38 55
18 79 34 6 16 80 57 89 31 10 63 97 35 86 54 34 86 47 75 38 62 89 18 12 40 76 26 45 71 24 66 88 61 67 78 21 18 53 82 71 73 20 20 50 87 10 22 100 27 13 67 39 34 11 47 33 23 13 10 24 27 45 23 23 11 46 56 53 68 97 35 30 75 88 92 73 37 59 58 96 8 37 21 46 44 94 68 28 57 22 23 64 8 10 96 26 41 59 44
42 42 57 55 47 92 56 55 66 38 20 71 32 96 66 86 22 39 33 54 96 40 56 67 49 88 33 6 67 46 36 35 55 27 58 58 23 5 85 92 68 94 38 56 93 32 28 78 32 61 77 38 12 69 6 25 38 65 14 72 17 31 62 17 8 73 88 74 45 87 97 16 27 7 92 39 73 44 69 22 30 52 97 13 63 84 7 91 70 61 66 66 60 67 62 97 76 5 69
14 8 87 87 35 69 19 87 68 86 71 20 34 15 64 42 10 66 51 69 9 73 68 99 5 66 31 38 73 90 28 9 73 26 23 100 29 47 30 28 30 98 71 16 80 75 33 37 50 24 50 92 91 66 79 48 79 60 77 88 73 60 41 7 51 55 45 69 80 53 24 62 41 46 87 69 91 61 20 19 84 62 15 61 61 48 9 77 25 57 52 67 49 70 86 30 53 94 17
54 63 53 6 12 48 34 85 37 24 94 88 74 11 100 22 92 50 48 69 73 19 11 99 33 47 28 46 70 65 71 22 62 7 18 60 84 89 73 34 10 27 11 30 19 46 72 48 30 39 21 30 68 89 6 42 96 40 32 78 56 32 82 57 24 51 86 40 90 90 47 98 92 43 99 66 40 76 69 28 24 28 51 58 87 31 75 72 62 85 31 13 44 82 17 97 80 42 84
67 43 100 22 80 81 38 15 73 32 63 60 77 79 67 13 32 26 65 98 22 8 85 98 69 12 69 87 8 59 27 98 18 82 62 21 58 34 38 96 56 35 71 65 82 43 85 59 60 76 21 96 16 17 56 53 15 31 99 54 14 84 33 93 79 8 60 69 28 21 89 87 51 80 9 28 26 14 50 41 70 24 44 97 70 48 81 58 48 76 67 68 11 42 79 81 23 74 90
31 82 18 9 90 9 6 65 59 46 28 74 68 9 56 11 53 57 51 37 14 6 12 80 38 61 45 66 27 50 64 60 44 79 74 30 53 95 93 26 96 87 16 48 22 16 48 95 84 77 85 41 34 93 10 53 96 40 88 45 76 87 29 11 54 65 86 70 36 43 76 41 30 78 60 22 75 54 85 11 44 72 72 46 100 44 74 45 57 17 41 47 39 14 57 58 87 26 66
62 50 40 82 23 99 50 65 49 88 23 75 41 100 21 28 31 79 93 47 94 47 79 35 11 82 63 100 19 61 66 12 58 58 47 62 44 79 16 46 32 47 81 89 47 30 33 100 24 36 57 6 98 19 89 31 83 10 20 58 42 70 20 57 26 5 82 74 82 88 48 86 88 90 84 65 30 93 99 81 38 98 84 95 60 36 97 33 12 88 66 17 83 37 55 5 96 7 70
46 80 32 94 61 79 92 96 35 14 59 81 52 58 56 52 52 74 7 39 68 11 57 65 79 55 38 93 12 40 74 61 18 100 97 80 52 24 87 92 58 99 78 78 41 49 100 36 39 35 70 96 96 25 100 48 58 49 36 20 39 83 69 52 49 39 92 35 50 69 67 6 57 55 72 62 34 45 58 6 75 20 70 52 5 64 32 88 14 73 13 88 74 41 25 34 78 60 95
62 29 63 85 41 88 77 44 39 93 45 18 12 23 38 76 13 21 56 20 96 6 5 37 59 15 42 74 19 17 11 48 88 85 65 36 8 33 78 43 91 36 77 78 98 43 79 22 50 10 7 70 73 15 64 82 7 82 22 69 50 23 94 91 43 52 37 52 20 56 16 33 51 92 71 85 69 45 44 100 32 28 68 70 38 63 59 62 6 74 14 89 61 39 65 83 85 57 82
36 47 63 86 11 74 60 39 62 78 96 35 35 85 68 13 80 94 57 64 67 43 21 71 73 75 86 46 25 8 91 88 68 14 61 83 10 50 99 5 63 38 81 66 9 89 81 66 58 68 48 42 72 76 6 41 51 14 54 31 44 54 92 68 90 63 82 86 87 24 36 54 35 14 38 44 56 97 12 91 96 33 54 31 75 28 10 89 40 26 39 50 58 37 10 61 77 78 8
66 54 84 67 96 71 75 83 96 66 100 55 72 49 59 54 30 14 63 82 77 77 58 70 94 81 6 53 64 24 50 42 77 85 26 94 19 48 29 26 49 15 38 24 62 19 17 82 6 28 32 24 88 19 82 35 42 77 9 72 40 73 41 40 20 65 81 89 52 81 43 60 57 55 32 28 12 18 50 87 17 11 35 63 98 15 55 19 6 69 92 97 88 48 64 98 81 71 99
93 72 36 74 34 20 10 90 11 16 15 85 52 16 76 51 10 73 45 88 22 73 15 28 40 72 16 57 21 82 78 61 51 26 75 66 17 19 96 46 78 81 69 52 6 78 61 64 67 98 95 33 97 35 85 28 89 51 42 42 32 24 53 95 69 57 56 71 32 44 77 75 72 23 24 54 76 38 57 43 25 85 81 27 56 25 34 94 20 15 73 85 37 71 51 15 10 47 50
94 37 33 12 67 39 62 42 54 65 64 35 83 70 25 95 20 31 93 71 61 38 16 64 49 86 41 83 55 49 67 89 71 31 54 24 7 32 31 79 21 84 80 77 18 10 65 63 14 95 86 74 71 5 94 73 44 67 23 54 64 17 54 60 63 26 68 35 97 35 15 100 60 73 9 14 81 93 96 93 6 6 14 7 68 96 41 33 61 74 27 33 10 37 72 60 44 43 94
59 79 41 48 16 70 68 70 96 21 77 58 62 94 50 45 49 57 39 54 8 37 16 68 77 41 73 85 92 33 66 45 92 96 98 78 68 74 16 87 26 42 22 27 5 49 29 76 87 47 19 85 34 62 95 34 72 14 93 98 88 58 36 32 100 5 94 97 44 68 7 55 68 64 97 53 8 96 40 57 98 53 44 18 7 21 78 80 35 5 5 15 61 43 35 35 54 24 33
75 19 41 62 37 60 23 87 64 39 44 98 97 58 43 54 22 9 60 74 59 30 89 10 60 54 13 73 98 27 17 54 43 88 25 90 90 56 31 29 5 85 29 20 84 62 18 30 70 55 74 70 60 41 83 73 44 93 14 91 51 89 63 20 31 23 15 63 14 56 65 75 81 74 77 83 16 87 85 7 72 15 14 52 73 16 32 42 55 98 75 54 51 60 42 45 84 92 29
18 47 35 16 82 84 94 59 43 83 39 61 34 36 39 65 57 77 81 59 56 41 96 92 100 37 94 19 38 49 10 24 21 49 85 60 46 85 91 75 50 29 6 67 89 11 24 56 27 37 8 48 88 86 9 68 68 93 36 9 69 19 42 28 71 72 52 23 48 17 65 5 73 98 52 28 17 9 13 19 88 53 6 74 75 97 67 68 91 43 66 58 10 32 91 92 32 18 15
78 74 25 71 75 52 100 81 91 20 99 64 84 34 24 84 30 71 93 37 99 81 97 55 48 10 75 37 60 54 11 77 90 82 84 50 99 80 89 83 100 78 57 32 77 92 19 20 15 87 16 77 63 11 86 83 78 60 71 47 69 32 6 89 44 11 12 67 39 22 62 10 60 69 52 75 49 100 49 63 64 45 52 42 80 11 58 77 77 45 56 44 21 52 32 54 79 62 5
16 57 21 35 29 39 35 84 91 18 66 52 37 14 56 92 90 86 59 100 27 52 28 31 35 57 87 16 34 16 35 52 52 31 53 89 65 32 71 7 100 99 63 8 36 76 24 87 61 78 44 84 7 92 69 75 53 54 83 7 74 80 6 64 79 71 7 26 66 79 11 99 26 71 10 22 51 72 64 15 72 60 36 80 94 31 11 60 77 36 99 61 52 98 63 53 90 9 90
23 42 84 74 76 70 33 62 18 22 23 25 15 80 36 98 53 99 83 76 23 66 14 42 36 40 40 26 70 65 70 54 98 54 24 39 71 90 27 8 88 12 98 73 34 68 96 20 69 73 95 30 11 45 48 88 88 58 29 52 63 57 36 51 41 88 30 96 34 67 85 12 50 57 91 32 25 12 56 56 77 28 57 39 60 63 55 17 35 75 75 75 86 51 40 34 46 19 77
85 55 78 18 10 60 70 81 29 27 8 78 75 91 22 43 5 50 98 68 12 82 58 23 30 58 7 66 54 68 24 73 99 98 82 99 89 68 44 29 30 98 16 11 20 36 80 59 27 75 21 94 53 52 47 61 58 6 21 34 83 71 69 41 81 95 84 7 50 29 30 66 43 52 76 91 46 22 86 5 70 63 84 86 19 26 96 28 55 94 56 86 45 11 61 92 5 79 19
18 75 75 26 9 73 7 82 25 91 53 38 77 95 23 21 43 71 61 16 69 63 13 60 67 61 98 60 32 30 63 82 37 19 44 59 14 80 61 51 86 44 5 57 53 79 29 17 12 55 56 60 30 83 76 15 40 45 53 69 80 16 7 66 55 63 30 72 58 43 84 91 7 60 33 56 72 17 92 85 96 53 65 77 74 52 69 77 74 27 61 14 46 6 6 79 33 22 51
16 14 79 6 49 88 78 50 76 14 29 64 12 35 86 23 7 60 9 36 38 26 67 97 63 20 21 92 71 53 8 52 99 86 70 57 40 17 49 44 20 95 38 61 12 59 80 21 19 81 23 87 16 61 13 68 60 62 48 97 31 66 62 85 84 60 99 61 45 70 22 78 95 69 57 94 20 90 40 53 39 26 54 47 99 48 50 92 60 83 26 95 35 19 59 89 75 30 92
23 85 9 87 75 57 58 33 19 38 33 96 85 32 94 83 13 78 98 13 11 29 43 17 21 86 42 67 52 37 18 58 82 39 96 51 12 66 32 7 28 93 70 87 54 62 37 88 51 94 69 48 18 26 87 90 16 74 42 98 78 58 75 30 68 67 62 12 23 22 57 18 89 50 47 21 7 36 19 98 80 19 74 17 55 97 41 76 97 55 68 64 45 47 57 42 9 74 77
71 21 39 76 82 35 16 7 68 71 6 56 59 94 39 18 99 72 87 47 21 100 75 7 49 53 97 89 65 83 54 9 30 85 24 80 8 68 81 20 44 76 73 91 46 37 69 47 17 10 58 72 65 39 10 71 24 84 10 30 47 47 99 9 21 48 96 36 55 5 26 8 18 37 62 71 24 18 6 34 32 93 93 83 95 7 55 60 94 87 55 58 70 93 90 90 99 44 11
38 10 21 46 29 70 90 69 94 20 10 13 26 78 98 88 85 72 54 78 53 90 67 87 92 47 11 92 62 94 53 91 75 39 76 6 59 67 49 81 54 37 77 88 93 94 63 78 46 61 27 45 53 6 59 37 9 69 93 20 38 29 93 33 17 56 52 21 8 98 5 71 99 87 91 76 16 24 6 43 42 55 91 89 90 56 21 96 62 11 85 77 82 5 49 99 38 74 24
23 49 100 97 80 77 10 68 59 79 34 99 13 81 61 45 14 53 54 8 7 18 43 92 31 56 93 88 86 83 69 26 16 88 24 93 71 36 88 10 93 75 14 86 30 43 90 73 39 65 51 81 64 30 40 67 92 17 99 97 65 23 99 56 51 92 74 18 85 85 75 52 88 67 62 14 99 77 23 35 48 66 94 54 22 99 86 58 14 59 85 95 96 80 99 84 37 64 28
9 53 37 52 11 16 34 32 78 95 42 69 40 70 31 17 38 37 98 61 47 69 68 99 24 99 86 82 67 24 44 28 97 48 46 99 77 64 64 85 55 44 51 62 73 10 18 90 91 9 42 24 71 59 46 16 27 38 77 86 76 61 26 100 84 48 12 41 52 12 38 90 74 34 22 95 12 83 6 45 87 12 57 72 42 97 98 36 13 22 81 24 68 21 84 55 50 64 9
9 14 22 88 78 20 27 12 84 48 44 62 97 57 13 91 8 19 11 75 98 80 87 67 62 71 41 97 40 93 15 61 84 39 77 74 5 95 41 57 71 100 56 45 48 38 21 72 69 90 21 19 17 7 71 50 83 48 45 28 25 46 56 41 24 65 89 57 89 53 19 96 48 34 31 76 19 89 35 90 55 91 33 45 7 77 92 18 16 28 6 90 21 86 7 6 29 97 40
76 34 60 24 62 22 74 83 38 41 50 95 97 43 77 35 21 5 86 51 56 32 86 88 14 44 67 10 57 58 28 82 52 21 6 81 35 82 23 41 93 87 17 23 42 99 64 9 63 49 89 22 38 40 68 84 56 18 62 38 13 64 17 83 90 39 57 98 55 46 14 77 95 33 27 56 98 7 83 85 16 52 75 58 83 47 27 57 13 74 51 67 43 58 54 95 60 33 91
60 85 66 25 29 8 65 26 98 97 87 93 16 27 83 30 87 44 22 71 93 43 29 86 30 77 33 93 21 84 33 42 23 68 45 81 12 91 85 59 58 26 100 29 34 20 21 78 38 75 79 15 76 23 76 70 11 19 10 27 52 97 95 8 18 10 34 78 20 65 73 26 26 86 80 65 51 96 35 74 78 41 95 17 15 6 12 62 63 59 56 70 81 48 66 60 96 50 16
100 39 9 28 75 15 29 53 69 61 44 34 65 97 20 72 34 20 52 5 30 55 77 49 35 58 31 75 16 5 78 46 77 46 5 51 58 81 8 76 35 14 20 52 54 58 24 39 61 25 26 89 72 14 95 14 19 86 6 61 86 82 18 6 96 37 94 97 89 41 92 12 69 39 31 26 14 22 24 98 46 36 54 100 39 26 86 37 27 24 67 66 49 99 7 82 31 83 47
23 22 13 74 57 16 50 22 54 95 34 49 46 30 55 10 54 18 31 6 84 60 90 44 43 92 35 83 15 100 80 39 34 90 40 43 8 52 74 37 29 84 65 36 74 41 41 81 28 30 62 83 66 58 25 52 18 8 97 53 70 23 65 77 70 52 71 92 64 71 39 33 53 31 71 21 69 47 39 22 26 36 100 28 72 48 17 58 12 16 63 19 67 61 80 10 47 94 64
10 16 41 30 90 79 15 33 69 86 97 7 67 44 92 78 39 51 18 70 13 9 85 49 33 78 96 33 29 22 76 17 84 85 39 100 98 66 42 36 44 96 90 97 96 35 13 80 11 90 18 88 93 93 63 5 37 41 24 40 52 85 17 53 29 64 31 53 100 54 69 65 50 28 39 83 34 46 33 66 35 95 76 80 88 38 83 57 100 96 44 24 47 19 59 33 9 51 70
56 60 14 86 70 47 23 45 58 8 63 52 52 18 37 30 42 76 27 17 47 58 44 8 85 70 69 38 74 19 36 93 29 23 31 43 90 38 94 32 48 25 18 33 10 93 88 14 55 63 63 54 98 82 29 69 10 85 48 12 61 91 86 60 32 21 25 43 58 12 34 54 66 59 51 63 67 55 54 89 34 72 76 72 35 14 56 100 97 31 24 55 43 38 21 74 32 100 55
36 51 49 9 23 6 49 38 12 9 69 68 71 83 98 41 21 75 89 12 82 56 35 29 66 83 54 72 45 90 86 73 17 67 27 11 84 34 51 55 88 46 84 61 67 67 75 55 82 88 93 12 56 90 96 18 78 24 73 85 30 88 87 87 60 72 68 28 22 25 58 96 94 92 96 6 28 25 31 78 82 39 30 69 75 60 28 62 72 84 30 88 74 64 21 87 87 49 83
59 6 84 70 46 95 8 13 75 5 82 76 21 90 75 77 28 48 7 53 55 73 69 51 64 77 69 14 14 49 71 19 100 6 76 50 98 85 5 9 82 9 33 35 17 28 5 77 100 6 33 6 70 92 21 34 77 49 53 49 59 49 14 59 100 84 12 58 72 48 45 87 15 27 14 29 43 27 95 61 42 26 30 27 28 85 47 85 5 22 79 79 19 70 83 8 70 71 9
92 64 96 46 64 89 57 27 85 36 52 80 40 81 45 99 17 11 68 89 95 13 44 83 73 78 33 75 7 74 40 79 33 60 39 27 24 81 66 87 77 59 22 74 85 68 19 72 33 43 75 96 97 57 38 98 7 20 86 44 36 91 54 93 90 48 97 58 18 57 54 62 10 77 66 61 28 46 13 58 69 63 44 60 31 10 66 37 44 62 31 5 70 31 80 77 85 14 56
82 81 63 54 17 10 98 94 85 45 42 95 69 54 8 47 87 73 70 45 20 57 81 16 13 77 77 65 51 24 23 39 90 55 34 41 46 62 43 88 30 98 35 47 76 35 33 100 77 78 50 54 11 17 85 97 64 16 56 76 25 26 75 72 76 57 63 16 22 19 29 16 10 83 81 89 63 56 36 84 73 33 46 5 69 65 31 81 99 93 21 82 92 16 60 35 35 64 8
40 79 66 76 41 10 53 16 5 67 31 12 54 24 19 77 96 54 60 7 99 31 34 81 45 46 69 32 91 36 75 58 63 32 36 20 42 82 83 5 10 94 94 93 73 88 36 18 54 17 75 19 73 84 59 79 30 38 94 8 55 13 37 81 67 71 25 54 82 49 22 100 96 67 64 55 61 100 85 80 73 89 37 86 76 55 58 42 87 43 74 63 57 29 42 89 55 7 20
6 22 85 10 30 31 41 62 36 62 56 65 13 23 7 99 30 60 92 37 56 86 63 92 62 54 52 59 33 72 15 40 86 51 59 95 46 8 28 99 48 98 66 57 32 30 94 78 60 58 11 29 33 57 27 41 7 67 90 63 47 60 53 21 62 26 26 21 79 11 27 72 81 93 57 87 44 40 80 100 30 10 73 6 95 51 55 48 56 5 92 12 34 27 100 51 48 76 80
66 86 92 35 71 75 96 58 97 51 97 44 74 5 7 28 54 81 49 81 99 86 22 97 30 36 92 70 63 16 49 34 47 43 27 10 74 18 34 9 57 82 16 15 20 40 61 62 80 95 23 26 92 84 51 81 27 52 12 12 85 87 16 50 48 92 45 58 54 58 29 7 96 86 17 30 40 44 60 42 33 69 48 10 64 96 97 40 53 95 18 63 36 100 90 94 72 91 85
15 59 36 9 47 92 22 61 58 81 83 95 88 39 80 75 67 97 85 70 58 69 66 55 21 76 5 75 36 68 32 6 72 93 100 84 22 33 77 6 18 91 47 7 75 89 13 96 89 36 50 46 67 50 57 36 28 85 88 47 58 65 25 46 48 98 93 60 18 98 57 42 56 50 14 6 27 34 26 58 53 63 95 100 28 80 31 61 43 25 98 20 89 69 25 80 77 18 61
98 1 669105117 3 96
