100 100
1 2
2 3
3 4
2 5
2 6
2 7
3 8
7 9
1 10
4 11
5 12
3 13
4 14
9 15
5 16
5 17
9 18
17 19
1 20
8 21
16 22
5 23
18 24
8 25
6 26
8 27
22 28
12 29
29 30
30 31
18 32
27 33
21 34
31 35
26 36
8 37
26 38
4 39
32 40
26 41
24 42
33 43
28 44
12 45
16 46
10 47
31 48
16 49
14 50
24 51
48 52
40 53
18 54
41 55
9 56
55 57
10 58
5 59
54 60
12 61
36 62
44 63
62 64
39 65
8 66
4 67
65 68
24 69
47 70
62 71
56 72
20 73
40 74
5 75
47 76
41 77
77 78
7 79
47 80
44 81
4 82
78 83
80 84
29 85
54 86
66 87
68 88
70 89
12 90
32 91
79 92
50 93
42 94
29 95
71 96
51 97
80 98
51 99
93 100
466151 49784 940811 969706 790611 775367 232453 498559 891125 48139 250394 107569 871701 422863 157572 525861 45217 835693 829028 136518 480895 527509 839970 280676 860246 486864 802991 492072 574011 102955 653794 40163 152739 110957 9869 459703 886325 758674 958262 777450 806814 725009 401371 194867 147872 558943 720728 709441 910989 66109 845959 391884 593618 685930 672560 453864 689146 991903 462289 263158 94858 116083 819673 763950 743393 829542 223653 629718 104569 698267 923520 911383 423276 324892 106250 87501 400187 343330 796942 311176 409439 642902 703060 519410 845184 891972 973274 534330 883875 951915 797488 495086 584351 617161 259036 327744 963056 999041 957462 67625 