500
996227079 708014404 720791386 750829174 928581380 374872398 773958585 37733631 973405317 910234859 7437823 772439155 405904174 247317505 382233003 71072274 668941182 617996039 557354731 553934696 469941094 605734978 687640169 964690912 705314170 238657617 720352249 400945569 885208219 227568339 943584503 756452421 960265833 861523593 760696138 409449570 1272747 456972669 751308374 943200099 579764742 116793434 860324525 110110278 81942916 528228629 83837664 175309348 749751061 186884236 739928153 248165456 605236584 537153337 260235953 94104848 653434217 206495408 843669308 659174087 743080864 508771584 486798628 544224087 671088769 377905861 276915072 330133664 893642634 54272706 466009909 920842487 701333814 442547346 894297831 443450857 207893951 877511551 429396398 37031683 400737954 686888688 678702452 299405203 786968132 124901306 517158133 225574365 222178570 651885005 49646583 42594840 96969373 601506219 474792330 15393476 293856340 886842172 428930379 102091787 444835651 313396913 505967812 830686177 182004455 454469772 370632350 705908864 195408580 662969668 720671145 133723207 769877465 682123375 277602417 446764606 997771157 581607247 479280924 644587629 308327858 256929080 919798451 635503400 212491774 258611084 463179843 798190590 371511277 40790335 723004202 862326285 691201721 507398222 21690972 344775394 52453997 693645794 577775961 615482765 889939087 260811857 730914678 392209394 545131561 423043241 803817110 850079940 392021907 579889908 828358536 821825973 640035177 350238976 38927204 208634753 740573191 189546965 270621430 124597256 870064636 815561252 95865415 518286849 720468075 786417347 460670897 767713676 939227907 381954827 859535894 177957047 523003520 312625135 251107382 117784745 599925489 210420560 599637600 743597825 987264348 553424846 567522857 5723550 637644335 238453752 805403477 853578124 584327786 360913532 416559454 887650890 323967553 948521903 292141908 109590303 236920605 130087236 567109647 323413754 152628689 448618962 682866618 860876364 923876811 885698888 583598974 353822159 788952717 756087345 390037184 301172772 578346771 539804235 9756010 993478470 385760848 533100953 454199451 795346302 320621564 826110843 715969316 929419753 489009936 716045657 722621088 313043664 98141918 828907125 217548523 960853177 195126605 977622025 179351399 159507007 69470160 432771810 755066740 315265693 350171780 739154760 790490523 573517215 663953382 985732968 761870877 607783245 245193828 449469752 506243080 349459968 230841338 308380997 435357875 5758642 479034153 944954173 313933410 320300062 364416095 400849473 821109295 627494609 79307248 333623984 383464632 62339509 541411937 318855059 283797856 923209179 40513440 934895225 417366459 626688116 382113408 195321026 803520699 896438324 81663987 722737034 518332494 396750510 815839270 771538521 556050120 902594935 364609303 117943068 6557657 418196522 557776477 215209735 485247299 384921209 909968896 996870750 385389909 697361341 635381030 430376446 47883257 179238738 356991538 778014837 571226138 814701601 397380924 742645493 473743640 878974373 958591394 667838046 305095587 92762737 586314551 911040979 892229102 494855761 368227285 131611758 544413382 986151406 528315549 236422169 434031694 849037175 49582706 587451897 377651802 121702334 115030975 184109075 8729360 883089161 958075146 867144114 605746329 86901870 74436984 496750575 600374852 240242842 848798959 781262660 858671003 437345724 125944730 415440137 576301681 981669464 904068549 551559280 307095635 394543083 173904816 334997938 15624723 447531641 242633738 493014612 201634392 398801091 375265981 935834111 305488471 617232041 548242662 695359681 784116250 848386665 698450094 922536835 356410905 210176840 476913896 537260177 289256112 113738424 48097290 163087120 223679033 856093334 790347046 588265799 447553243 22989043 254459123 531427887 659934172 836695653 539757700 79278232 560935350 354473574 903715629 26459811 830802759 138099476 533513694 662222393 539107422 998468775 742838964 159662889 48610181 159052612 397433542 880759158 514729692 52936642 359083510 83156912 871851637 680354327 787633599 17812324 256812668 71798182 543223577 909752743 574146406 687954211 224891917 337280835 53155263 603547465 91245081 224436834 603173737 689943681 233009611 596825892 79982748 365724834 670412684 455065175 5459284 748516355 555001838 623947106 405966034 415061492 834585062 476394151 423309956 12701521 47431776 875129966 580781949 574087014 956106252 316524495 271400497 398158485 616525097 28821299 236842377 564832636 860449966 180224766 380136864 339997456 716866659 385315545 971130287 211549398 489059047 720933098 327158105 931746587 247547405 637626070 769359546 633819017 361517937 750583185 149798930 64259245 524486019 403159131 796558660 707829867 314053941 376165374 119558528 89570408 967630178 771117994 509899752 320959334 454299535 516540738 224435544 270262399 92680198 371242308 935941270 834513469
500
215 305
403 409
89 144
12 353
245 380
302 494
112 431
106 447
3 79
210 291
495 498
80 406
60 368
101 359
335 483
176 481
115 493
104 395
41 479
27 189
24 215
370 474
306 451
36 92
21 247
257 351
231 369
131 184
121 353
165 341
80 439
6 272
49 67
358 464
172 428
185 401
100 313
153 426
275 489
159 218
3 362
89 279
1 109
74 247
75 201
169 265
202 462
225 274
240 242
234 475
201 431
362 448
45 352
108 393
157 275
225 442
197 305
15 329
99 343
362 486
200 476
27 52
22 415
207 381
157 179
113 228
88 493
29 247
147 400
247 489
112 334
145 292
289 482
12 285
141 421
131 328
47 263
331 426
358 424
110 267
6 456
87 349
230 330
7 311
45 99
31 175
112 467
241 485
319 343
8 440
221 258
284 413
314 392
50 283
287 466
59 400
319 372
2 392
163 215
95 268
86 208
306 375
256 271
4 121
21 126
362 463
103 389
42 383
199 361
271 382
106 439
237 342
29 312
52 123
140 345
305 469
180 226
169 398
223 420
225 297
59 184
186 488
128 393
123 384
7 464
74 371
351 424
149 226
251 254
36 492
140 412
64 484
364 427
39 72
152 221
62 317
75 308
33 401
158 367
169 302
108 251
110 435
35 115
272 305
24 411
137 452
424 467
274 379
191 349
205 215
19 209
89 308
272 432
6 327
122 158
70 181
140 215
346 393
84 276
139 220
141 352
48 107
66 87
126 398
125 446
83 130
129 281
153 227
158 225
160 346
204 338
168 477
152 164
258 357
110 168
139 443
250 266
292 403
198 282
27 93
256 287
33 319
26 490
107 436
40 139
45 327
171 199
104 297
80 131
137 352
437 459
420 433
116 198
166 287
78 174
218 459
169 381
366 414
334 399
251 409
254 268
122 397
196 346
118 224
4 435
2 486
95 190
170 386
291 340
69 309
240 465
170 279
92 137
151 406
35 414
179 269
227 431
62 65
98 471
118 451
10 25
299 427
84 141
310 371
277 290
221 403
24 243
201 252
183 419
102 452
28 366
153 449
165 259
71 200
19 140
29 90
289 437
270 349
34 448
318 432
267 484
44 118
126 199
73 336
293 360
286 388
402 473
121 451
139 489
101 252
49 161
18 419
36 143
90 169
86 210
63 372
172 489
155 311
47 486
374 422
166 500
2 67
353 377
59 131
208 288
76 175
151 432
239 256
13 190
91 113
22 439
267 394
223 435
158 166
84 273
277 315
263 359
122 364
35 273
264 481
138 434
17 299
31 193
179 285
257 314
108 122
230 364
265 494
128 139
214 260
132 182
131 365
4 73
28 184
126 312
278 428
250 353
339 443
85 137
119 406
35 251
143 382
36 77
186 355
252 421
143 219
155 472
146 222
231 330
146 365
148 274
85 218
275 453
128 367
291 396
119 381
104 275
51 473
381 463
105 179
23 154
56 101
94 118
36 96
249 494
90 367
203 234
285 454
173 298
313 428
34 409
364 398
165 402
192 297
56 184
227 458
30 187
390 438
228 261
210 471
166 171
303 423
172 281
202 286
149 376
36 344
317 482
213 307
228 446
26 490
270 490
301 373
46 479
35 378
43 112
70 486
131 235
344 454
32 49
150 477
331 344
312 401
333 459
291 305
26 337
359 486
154 455
98 231
36 138
203 306
138 385
30 404
95 400
11 451
115 321
90 462
227 488
380 392
78 390
248 397
236 432
151 231
100 305
318 405
35 142
370 432
290 412
238 375
160 258
164 490
129 473
84 195
304 389
314 478
80 246
60 114
74 358
297 485
323 446
53 123
229 476
179 185
20 201
19 488
9 25
230 340
238 330
124 281
79 318
321 451
214 247
7 10
450 463
365 403
153 487
57 122
45 98
14 393
147 278
277 472
182 439
417 436
356 433
171 367
198 326
34 481
40 95
410 457
62 295
5 317
21 160
120 402
133 489
180 442
41 485
134 400
429 476
122 171
188 435
63 348
8 362
243 368
135 281
296 424
131 439
205 416
153 270
97 118
42 184
312 460
235 479
57 284
11 266
180 312
40 76
442 468
267 281
446 491
134 289
278 284
101 428
229 236
29 229
9 38
268 425
74 103
196 233
35 193
62 477
190 291
315 455
8 390
17 227
42 491
45 370
6 342
405 448
135 296
441 457
306 406
254 383
84 217
196 223
51 74
202 321
28 257
168 258
226 265
91 407
38 59
43 244
89 117
240 340
103 351
80 481
113 160
177 234
216 346
3 188
34 174
