86
2 1 754
3 1 241
4 2 947
5 3 463
6 5 984
7 5 896
8 3 716
9 8 906
10 3 172
11 10 928
12 9 602
13 7 724
14 1 189
15 12 922
16 6 814
17 2 67
18 17 866
19 18 54
20 9 396
21 13 330
22 20 69
23 3 254
24 22 573
25 4 877
26 14 707
27 7 301
28 4 184
29 23 258
30 2 689
31 26 67
32 29 677
33 13 296
34 6 514
35 1 21
36 4 62
37 16 977
38 25 907
39 35 462
40 17 78
41 35 623
42 41 988
43 16 953
44 13 783
45 7 311
46 13 776
47 3 898
48 42 907
49 33 520
50 19 829
51 27 358
52 1 696
53 36 591
54 49 690
55 18 909
56 51 419
57 33 925
58 13 945
59 20 58
60 26 975
61 47 886
62 19 909
63 19 772
64 51 465
65 1 749
66 20 563
67 53 229
68 11 142
69 68 115
70 19 364
71 56 92
72 45 630
73 21 570
74 67 10
75 62 717
76 6 331
77 50 720
78 72 37
79 51 540
80 69 35
81 25 165
82 26 576
83 54 99
84 19 55
85 13 748
86 54 66
54
49
39
26
26
69
22
2
30
83
46
9
53
20
9
41
45
74
56
57
19
13
6
12
81
30
30
7
49
24
73
38
71
33
18
7
77
