3000
2490
2700
1896
2973
1615
2890
2317
2478
2297
2003
2173
1633
2149
1983
1660
2982
2604
1547
2266
1587
2920
1708
2870
2216
2943
2350
2618
1806
1706
2901
1550
1547
2601
1945
1519
1567
2186
2688
2896
2983
1690
2068
1967
2690
2902
2479
2671
2505
2525
1937
2591
2797
2496
2461
2012
2791
1810
1981
1948
2368
1882
1997
2766
2982
2794
2785
1900
2331
2472
1796
2313
1513
2363
1632
1554
2265
2610
2725
1769
2134
2013
1712
2282
1860
2672
1646
1650
1833
2126
2097
1552
2859
2946
2818
1692
2739
2954
2092
2069
2777
2387
1734
1641
2101
1865
1694
2865
2974
1770
1986
2459
2282
2549
2093
2642
2572
2238
1643
1756
2863
2592
1808
1574
2537
1977
1765
2275
2282
2356
1695
2058
2094
1928
2550
2695
2644
2743
2911
2617
1513
2248
2428
2646
1796
1520
2639
2867
2257
2782
1623
2471
2373
1930
2544
2261
2758
1661
1535
2039
2868
2081
2948
1962
2509
2497
1656
2152
2591
1566
2121
2955
2314
1900
2601
2961
1919
2591
2828
1527
2372
2950
2497
2096
2231
2393
2856
2340
2905
1742
1730
2772
2323
1677
1733
2183
1525
1888
1686
2967
2306
2658
1774
1971
1557
2874
1931
2327
2464
2110
2353
2188
2059
2202
1635
1641
1594
2991
2480
2998
2084
2709
1621
1758
1737
1854
2440
2113
2593
2978
2432
2250
2635
2705
2720
1544
2930
2003
2370
2745
2612
1723
1932
2023
2424
2419
2515
2869
2761
2347
1718
1844
2407
1838
2102
2996
2191
1893
2108
2136
2222
1539
2885
1857
1595
2957
1900
1524
2311
1621
2769
2274
1843
2052
2796
1618
2970
2663
2986
2730
2009
2055
1926
1767
2393
2879
1762
1935
1771
2370
2570
2493
2760
2455
1701
2855
2763
2452
1730
2073
2572
2998
2846
1767
2402
2994
1884
2371
2656
2222
2453
2016
2776
1730
2282
2520
1608
2544
2955
2230
2265
2524
1722
2376
2330
2274
2582
2444
2077
2812
1516
1649
1661
2862
2267
2562
1707
1502
2285
2862
2223
2089
2229
2351
2318
1862
1870
2425
2905
1824
1654
2521
1700
2228
1897
2881
1501
2978
2325
2078
1641
2692
2578
1802
2905
2196
1715
1611
2197
2499
1824
1772
1587
2552
2622
2756
2914
1843
2180
1670
2167
2686
2691
2718
1913
1587
2950
2265
1916
2274
1694
2057
2318
1623
2710
2222
2318
2924
2333
1867
2423
2656
2138
2861
2560
1759
2969
2825
2101
2148
2994
1619
2185
1536
1688
2949
1974
1638
2566
2390
2763
2759
1798
2080
1734
1507
2802
2903
2930
2486
1769
2704
2141
2406
2917
2052
1516
2885
1876
2117
2384
2222
2587
1569
2257
2775
1869
2731
2912
2934
2472
1526
1545
1621
2106
1778
1627
2259
2032
1908
1744
2301
1964
2736
2058
2232
2140
2074
2468
2515
2690
1851
2088
2276
2271
2845
2402
2640
2927
2665
2573
2750
2691
2617
2870
2148
1746
1848
2906
2278
2607
2001
1930
1570
2088
2487
2653
2727
1560
2120
2594
1601
2823
1681
2377
2093
1877
2130
2084
1803
1795
2009
1904
2985
1977
1773
2132
2575
2472
2389
1852
2079
1741
2281
2148
2328
2119
2153
2407
2179
2772
2000
2279
2594
2532
2007
2039
2909
2637
2974
2063
2931
2334
2467
2915
2811
1591
2398
2737
2563
1786
1588
1641
2026
2720
2640
1705
1838
1792
2611
2868
1564
1962
2147
1509
1846
2653
2047
1754
2289
2021
2668
2571
2854
2134
2837
1516
2225
2234
2752
1787
2871
1691
2279
2248
1762
1918
2453
2452
2210
2415
2319
2625
2877
2965
2633
2074
2970
2032
2327
2610
2904
1994
2181
1609
2980
2369
1625
2204
1603
1728
2842
1825
2271
2120
2573
2532
2889
2377
1983
2450
1791
1654
2074
2019
1618
2059
2592
1939
2942
2270
1549
2845
1616
2581
2953
1595
1949
1929
2650
2403
2509
2843
2728
1779
2314
2652
1662
2202
2380
2497
2004
2670
2650
2929
2041
2767
1987
1984
2058
2280
2754
2106
2124
2869
1686
2429
1815
2486
1709
1816
1889
1569
1658
1968
1847
2471
1971
2361
2024
2850
1857
2527
2871
1506
2456
1911
1624
1794
2747
2181
2574
2500
1638
2049
2720
1823
1829
1886
1661
2038
2201
2049
2458
2358
2516
1657
2180
1838
2517
2703
1687
2873
2582
1557
2878
2037
2320
1853
2682
2066
2534
2607
1917
2671
1656
1988
1846
2336
2373
2006
1725
1925
2906
2683
2782
2773
2839
2313
1610
2355
2015
1796
2579
1596
2204
2808
2484
1523
1660
2166
2088
2693
1772
2856
2716
2279
1843
1561
1615
1567
2418
1839
1991
2323
1521
2124
2095
1711
2936
2204
2917
2303
2851
2495
2398
2054
2302
2234
2077
2462
1751
1516
2506
2374
1724
2221
2005
2066
2633
2119
2133
2402
2809
2975
2076
1682
2099
2670
1892
2386
2225
1809
1688
2075
1655
2938
2981
2457
2171
2409
2270
2773
2424
1775
2146
2647
2848
2650
2065
2832
2120
1549
2234
1929
1523
1661
2462
2473
2831
2853
1859
2407
2013
2046
1834
2168
2335
1814
1976
1857
2722
2745
1629
2497
1871
2627
2496
1718
2276
1560
1902
1748
1960
2987
2176
1982
1647
1989
1807
2977
2193
2165
2736
2706
1562
1569
2225
2397
2234
1552
1605
2307
2796
1734
2155
1666
2860
1650
2236
2487
2061
2637
2734
2520
2623
2261
1502
2769
2749
1808
1598
1942
2824
1685
1999
1737
2105
1575
2633
2838
1626
2738
2496
1773
1823
1650
2290
2034
1800
1525
1520
2360
1513
1606
1880
2987
2366
2233
2756
2467
2892
1705
1760
2715
2241
2610
2951
2845
1536
2936
2682
2013
1525
2529
2285
2199
2678
1926
2732
2977
1951
2751
2689
2315
1708
1920
2302
2574
2652
2409
2392
2543
2965
2651
2609
2205
2612
2911
2049
2647
1698
2082
1659
1722
1610
2443
2772
2787
2868
2503
1616
2170
2606
2804
1837
2813
2075
2638
2738
1726
2046
2129
1620
2362
2131
1580
1566
1742
2990
2114
2888
1688
1547
1546
2261
1656
2840
2033
1794
1560
1887
1909
2581
2992
2064
2917
2805
2638
2906
2894
1715
2303
2023
2186
1664
2653
2265
1729
1747
2607
2694
1634
1646
2740
2032
2406
1747
2223
1790
2041
2634
2177
2449
2215
2520
1865
2483
2676
1854
2389
2570
2069
2043
1944
1606
2207
1948
2371
2787
2194
1977
2833
2680
2122
2572
1711
1879
1671
2785
2169
2211
2419
1697
2011
1985
2716
2375
2967
2744
1581
2707
2313
2501
1750
2756
2606
2808
1703
1976
2946
2749
2804
2778
2428
2277
2702
2990
2656
2872
2774
2176
2082
2544
2724
2592
1528
2791
2319
1847
2534
2751
1553
1846
2251
2154
1953
1856
1961
2508
2684
2259
2608
2839
2036
2035
2116
1737
2376
2123
1608
2501
1650
2541
2045
2873
2133
2072
2663
1803
2418
2549
1553
2823
1746
2303
1976
2199
1510
2789
2058
1545
2047
1665
2884
2934
2551
2351
1671
1926
2973
1778
2926
1974
2819
2322
1846
2303
2894
1860
2957
2663
2908
1509
2485
1654
2663
1813
2704
1524
1953
2113
1569
2851
2277
1804
2784
2179
2654
2954
2956
2978
2084
1733
1951
2254
2555
2296
1908
2800
1507
1864
2462
1767
2224
2299
2272
2238
2963
1975
2261
1915
2587
2681
1765
2215
2984
1548
2893
2637
1854
1700
2614
2789
1932
1916
2042
2986
2711
2449
2785
1570
1664
2599
1836
2739
2249
2607
1976
2211
1933
1588
2977
1871
1621
1741
2585
1604
2140
2829
1593
2845
1528
1558
2633
1959
1974
1674
2297
2036
2974
2433
2105
1989
2383
2792
1727
1631
2750
2554
2693
1682
2994
2669
2052
1614
1761
1988
2069
2753
1816
2161
2597
2195
2219
2582
1506
1544
2755
2654
2431
1581
2086
1536
2421
1821
1679
2648
1951
2929
2553
1996
1962
2546
1664
2514
1511
1925
1501
2080
1677
2169
2740
1625
1715
2310
2706
1720
2705
2813
2873
2136
1745
2311
2523
2665
2631
2701
2664
1933
2981
2217
2428
1943
2114
2944
1808
2125
2220
1808
2704
2396
2828
2795
2872
1543
2457
2578
2114
2513
2742
1987
1648
2986
1649
2670
2650
1631
2723
2314
2415
1555
1882
2195
1997
2847
2138
2304
1971
2857
2964
2026
2604
2791
2173
2475
1685
1981
2404
2299
2993
2145
2785
1641
2130
1785
1662
2132
1915
1736
1797
1681
1791
2530
2375
2287
2376
1512
1943
1699
1720
1906
2224
2823
2048
1748
2650
2233
2228
2053
1531
2221
1550
1667
2713
2531
1951
2874
1662
2717
1610
2310
2897
2252
1839
2624
1890
1567
2635
2332
1765
1707
1589
2488
1529
2137
2736
1530
1721
1963
2435
2103
1535
2836
2269
2747
2366
1571
2973
2880
1639
1582
2189
1887
2685
2880
1510
1574
2946
2645
2406
1710
1703
2846
1549
2083
1982
1636
2113
2554
2451
1899
1656
2485
1734
2776
2232
2599
2846
2204
2830
2984
2637
2019
1871
2321
2250
2232
2394
2547
2228
2151
1608
2430
1997
1656
1513
2830
1792
2125
2384
2742
2523
2891
2578
1608
2667
1809
2706
2512
2864
2536
2848
2852
1906
2070
2524
1507
2801
1918
2553
2029
2920
2660
1810
1916
1667
1822
2098
1958
2798
2981
2051
2672
2871
1629
2779
2889
2289
2837
2401
2153
2372
2600
2356
1629
2021
1880
1987
1821
2649
1539
2701
2568
1550
1511
1836
1716
2184
2433
2526
1982
2765
1576
1653
2987
2056
2932
2876
2845
2768
2628
2349
2491
2227
1704
2971
2747
2435
1957
1919
2083
2347
1972
2003
2396
2334
2338
2963
1517
1770
2488
1998
1886
2916
2151
1872
1971
2434
1747
2167
2553
2874
1515
2043
2452
2071
2013
2198
1505
2821
2969
2088
2167
1940
2590
1562
2773
2279
1876
2789
2900
1716
2139
1785
1983
2789
2156
2805
2574
2403
1972
2126
2628
2338
1520
2080
2908
2032
1629
1765
1852
1597
2352
2870
2388
2293
2931
2160
1571
2158
2301
2970
2373
1791
2106
2855
1579
2761
1512
1504
2515
1983
2129
2143
2820
2148
1574
1580
1531
1702
1844
2234
2151
1547
2103
1538
2691
2385
2550
1613
1542
2202
1934
2767
2492
2539
2973
2922
2651
2984
2925
2166
1966
2405
1660
2138
1552
1733
2569
1934
1934
1764
2667
2936
2162
2121
2974
1852
1505
2523
2316
1898
1724
2749
1664
1567
2287
1637
2988
2289
1620
2912
2954
2438
2316
1613
1927
2719
2197
2995
1652
2983
2110
1670
2918
2771
2290
2891
1974
2646
2765
2789
1543
1840
2537
1707
1906
2175
2195
1893
2963
2666
2156
2917
2103
1823
1881
2881
1541
2578
1727
2044
2560
2336
2565
2829
2458
2206
2720
2931
1851
2836
2719
2246
1676
2255
2452
2433
2929
1998
1678
1744
1663
2333
2012
2618
1508
2392
2498
1548
2321
2725
2444
2232
2412
2360
2061
1870
1566
2132
1800
2268
1967
1519
1513
2494
2625
2816
2279
2906
2165
2456
1649
2328
2140
2160
2297
2147
1903
1794
2547
1576
1870
2342
2307
1634
1701
1719
2003
2118
2350
2654
1738
1669
1524
2102
1514
2649
2270
2292
2554
2934
2099
1554
2613
1591
2213
1909
2237
2967
2555
2135
1542
1776
1828
2349
1909
2029
2919
2763
2998
2269
2417
2087
2789
2440
1541
2802
2088
2310
2446
1993
2595
1544
2046
2208
1634
1610
2968
2723
1577
2874
2209
1970
1650
2537
1670
2058
1917
1589
1821
2266
2357
2737
2853
2145
2528
2893
2298
1968
2554
1743
2460
2148
2139
1858
1707
2272
1967
2027
2346
2395
1900
1555
2865
2049
2591
1886
2607
1507
1974
2927
2624
1682
1515
2476
2678
2542
2720
1976
1861
2273
2218
1673
2921
1708
2030
1979
2480
2848
2505
2177
2595
2905
2231
2811
1953
2173
1696
1559
2531
2170
1837
2155
2703
1851
1982
2381
1745
1702
2856
2105
2474
2425
2277
2746
2985
1658
1725
2464
1506
1581
1992
2952
2985
1575
2762
2290
2247
2957
2348
2130
2478
1537
1636
2181
2239
2117
1913
2835
2670
2120
2292
2496
1896
1920
2241
1880
2078
2817
1695
2435
1750
2187
2386
1734
2261
2499
2523
1859
2455
2223
2840
2285
2611
2975
1817
1849
2444
2229
1684
2465
2848
2475
1960
1743
1746
1553
2123
2323
1721
2317
2109
1970
1503
1846
2556
2615
2844
2078
2974
2651
1652
1665
1935
2762
1640
2251
1963
2935
1831
2498
2399
1678
2324
1711
2272
2569
1763
2894
1892
2335
2563
2852
2805
2917
1698
2360
2532
1541
1789
2857
2691
2293
1521
1977
2406
2012
1579
2868
2298
1909
2365
1697
2438
2040
2259
1710
1609
2521
1603
2000
2207
1517
2203
2011
2934
2400
1722
2465
2793
2363
2673
2483
1655
2693
1812
2912
2057
2242
2780
2854
2651
2496
1902
2440
1536
2660
2649
1996
2532
1604
2847
1739
1620
2049
2249
1553
2949
2823
2869
2741
2185
2541
2575
2691
2234
1738
2602
2790
2480
2733
2995
2482
2581
1897
1921
2968
1556
1570
1963
2588
1673
1809
2826
1792
2357
2426
2197
2657
2248
2065
2749
2932
1606
2324
2974
2691
2561
2928
2832
2392
2660
2826
1873
2592
1722
2294
2559
1778
2715
1873
2865
1739
2533
1542
2382
1890
2467
1578
1898
1715
2143
1647
1998
2600
2470
1972
2290
2382
1899
2121
2126
1910
2298
2498
1854
2520
2143
1764
1649
1857
2137
1513
2095
1669
1906
2977
2410
2872
1906
2808
1586
2548
2954
2436
2499
2775
2907
1788
2508
2157
2760
1633
2918
2058
2983
1771
1929
2125
2035
2077
2834
1523
2441
2280
2043
2846
2608
2953
2717
1514
1612
1655
2913
1565
2590
2412
1691
2848
1551
2698
2356
1663
2831
2273
2220
2813
2896
3000
2289
2282
2076
2122
2304
1516
2902
2846
2861
2861
1650
2929
2874
1761
1583
1639
2177
2672
2550
2367
2871
2952
2417
2226
1614
2247
1851
2333
2411
1746
2332
2051
2527
1759
2673
2182
2126
2926
2379
1986
2786
2881
2267
1512
1641
2701
1650
2670
2725
1551
2036
2595
1502
1804
1821
1616
2902
2171
2800
2312
2768
2484
2863
2646
2742
2887
1827
1868
1664
1557
2705
1801
1789
2323
1812
1930
2024
2313
1951
1748
2363
2838
2842
2365
1642
2014
2832
1543
1536
2631
2707
2803
2466
2569
2448
2560
2807
1626
1779
2970
2035
2983
1770
2323
2658
2434
2752
1681
2098
2054
1928
2961
1892
2121
2677
2033
2635
2860
2427
2670
2842
2133
2825
2308
2053
2272
1867
1859
2398
2145
2180
2932
2479
2802
2254
2136
2587
2358
2668
1684
1763
1947
1644
2154
2568
1672
1538
2554
1531
2465
2575
2873
1949
2399
2532
2502
2023
2898
1712
2920
2394
2392
1703
2224
2545
2808
2860
2131
2517
2879
2314
2780
1826
2810
2285
2893
1833
2675
2798
2216
2491
2372
2440
2939
2123
1971
2440
2645
2220
1504
2916
1613
2747
1970
2688
2291
1777
2899
1773
1646
2778
2938
1777
1603
1599
2913
1847
1932
2587
1644
2999
2077
2867
2438
2368
1989
2908
2159
1633
2479
2162
1548
2943
1908
2369
2630
1550
2998
2529
1822
1643
2306
1760
2271
2408
1858
2183
2754
2641
2122
1749
2639
1550
1615
2076
2417
2104
2335
1576
2588
1813
2237
2988
2107
2997
2356
1737
1546
2353
2765
1868
2847
2422
2479
2117
1829
1688
1652
1934
2829
2625
2534
2819
2674
2648
1895
2091
1751
1581
2166
1691
2246
1754
1678
2852
1750
2533
1940
2148
2238
1704
2515
2084
2625
2345
2701
1805
2532
1704
2590
2360
2828
2123
2179
2501
1771
2925
1943
2373
1857
2960
2915
2954
1714
1592
2806
2315
2977
1745
2962
2214
2301
2828
2797
2277
2172
2849
2934
2056
1904
2523
1767
1731
1998
2797
1584
2620
1573
2026
2344
1930
2338
2259
2235
2903
2702
2040
2217
2678
2637
2531
2243
2289
2710
2040
1917
2234
2240
1850
2789
2644
1725
1555
1726
2222
2852
2161
2193
1776
1539
1536
2557
2376
2646
1792
2278
2348
2683
1846
2377
2319
2876
1620
1959
2586
2511
2376
2171
2102
2725
1959
2097
2949
2365
2323
2522
2568
2983
1714
2844
1521
2102
2400
2748
2099
2691
2025
2946
2374
2723
2675
2044
2598
1646
2855
2535
1508
2230
1705
2109
2306
2515
2706
2607
2232
2380
2128
1799
2714
2694
1994
1587
2147
2894
2834
2745
2936
2211
1543
2661
1933
2717
1705
1882
1714
1559
2917
1721
2640
1973
2329
1945
1840
2386
1551
2571
1765
2531
2869
2979
2576
1863
1565
1722
2108
2898
1818
2395
2460
1860
2056
2892
1928
2612
1774
2141
1522
2042
2361
2661
2866
2042
1957
1705
2927
2360
1627
1692
1890
2996
2022
1817
2210
2086
2390
1669
2335
2707
2563
1795
1919
1970
2038
2346
1581
2311
1839
1602
1704
1551
1614
1922
2092
2071
2478
2019
2930
2605
2562
2171
2952
1583
2839
2513
2168
2228
2681
1854
2286
2595
2148
2704
1565
2686
2402
1645
2348
2740
2099
2904
2790
2212
1825
2234
1634
2802
2752
1915
2758
2313
2585
2709
2747
2423
2221
2266
2002
2253
2619
2788
1848
2119
2491
1912
2156
2244
2408
1503
1983
1506
1758
2125
2570
2434
2858
2703
2588
2961
1618
2345
2625
1554
2406
2371
2829
1626
1636
1830
2731
1606
1969
1578
2224
1812
2341
2879
2555
2100
1734
1890
2458
1991
2514
2027
1777
2723
2081
2864
2683
2198
2560
2659
2604
1965
2029
2432
2443
2516
1613
2173
2621
2082
2602
1845
2393
1942
1723
2299
2541
1956
2688
1998
2799
2553
2876
1575
2275
1957
1790
2309
1506
1701
1967
2609
2166
2847
2040
1960
2362
2505
2632
2335
1586
2233
2679
2830
1526
1753
2128
2918
2561
2168
2268
2359
1720
2143
2785
2495
2951
1926
2155
2957
2126
2622
2917
1643
2468
2309
2102
2182
1813
2085
1516
2250
1669
1546
2079
1694
1798
1558
1964
2858
2225
2731
2568
2445
1873
2704
2291
2176
1629
2945
2484
2255
2918
2400
2749
2738
1708
1851
1919
2020
2787
2286
1621
2956
2331
2199
2001
2980
2257
2464
1690
1833
2194
2757
2777
2919
2813
2419
2094
2941
2716
1929
2547
2633
2828
2648
2370
1888
