205
3000 2
2998 65
2970 6
2968 11
2962 9
2956 11
2952 22
2938 29
2926 23
2916 13
2908 16
2902 9
2896 18
2886 11
2878 47
2860 8
2856 16
2850 24
2842 12
2836 6
2832 30
2818 24
2802 5
2800 8
2796 9
2790 9
2788 20
2776 18
2766 24
2752 12
2748 16
2740 19
2730 1
2728 19
2718 11
2712 1
2710 7
2706 22
2698 7
2692 11
2688 3
2686 7
2682 10
2676 11
2670 19
2662 6
2658 3
2656 28
2646 31
2632 18
2620 6
2616 13
2608 31
2592 8
2590 20
2578 43
2556 15
2550 5
2548 10
2542 5
2538 20
2530 18
2520 28
2502 53
2476 5
2472 11
2466 14
2458 20
2446 8
2440 8
2436 26
2422 10
2416 5
2410 27
2398 13
2392 8
2388 9
2382 3
2380 6
2376 19
2370 30
2356 10
2350 9
2346 7
2340 1
2338 15
2332 48
2310 5
2308 26
2296 4
2292 15
2286 12
2280 22
2272 12
2268 4
2266 27
2250 14
2242 5
2238 5
2236 49
2220 13
2212 10
2206 7
2202 42
2178 36
2160 15
2152 23
2142 2
2140 10
2136 14
2130 5
2128 42
2110 29
2098 15
2088 6
2086 9
2082 5
2080 28
2068 7
2062 20
2052 33
2038 20
2028 2
2026 16
2016 12
2010 10
2002 6
1998 8
1996 5
1992 11
1986 16
1978 16
1972 49
1950 2
1948 24
1932 4
1930 39
1912 10
1906 10
1900 23
1888 16
1878 1
1876 5
1872 4
1870 8
1866 6
1860 35
1846 29
1830 13
1822 19
1810 18
1800 25
1788 2
1786 3
1782 8
1776 39
1758 6
1752 12
1746 15
1740 18
1732 17
1722 8
1720 23
1708 29
1698 4
1696 6
1692 44
1668 2
1666 10
1662 14
1656 52
1636 21
1626 13
1620 5
1618 16
1612 8
1608 4
1606 12
1600 3
1596 21
1582 10
1578 15
1570 11
1566 15
1558 16
1552 15
1548 19
1542 23
1530 13
1498 5
858 5
826 16
768 9
598 22
562 22
556 7
498 7
262 4
256 4
240 7
102 9
72 60
60 7
28 56
23 1
