859
59
530
407
898
237
479
976
183
491
89
8
718
74
516
772
560
345
899
776
448
340
885
80
690
57
451
892
340
447
529
892
316
999
209
330
272
266
1000
473
761
959
521
633
414
514
24
612
474
938
462
445
525
211
684
716
645
623
399
745
811
888
837
91
875
998
700
832
559
27
588
226
118
172
217
563
291
217
253
760
824
906
845
174
223
566
421
334
577
98
405
282
418
375
62
373
551
645
988
77
754
251
903
599
340
353
872
453
847
7
550
865
842
547
555
864
34
888
863
618
259
395
953
902
339
665
566
693
717
752
374
715
520
247
171
475
547
143
223
826
348
276
239
534
32
252
751
650
894
432
606
278
606
232
971
492
228
923
842
443
845
739
706
73
747
727
387
551
55
626
249
470
316
8
648
143
898
820
435
639
605
368
880
588
123
622
559
845
851
147
442
50
536
581
64
330
172
717
865
26
817
335
434
899
688
781
137
695
993
750
840
735
87
937
878
881
130
178
187
313
840
403
878
365
983
916
698
470
407
558
512
433
797
653
980
509
993
394
380
470
736
360
573
953
553
19
363
450
570
162
121
218
750
122
295
276
833
115
315
62
377
482
68
571
806
453
859
675
787
160
95
484
923
58
611
651
189
485
690
376
297
518
227
362
525
139
150
56
337
286
54
173
733
43
58
528
227
338
633
866
637
55
317
933
374
323
431
565
481
11
645
451
490
436
291
407
516
868
416
44
857
986
523
982
234
111
226
917
936
947
708
914
648
805
666
120
224
536
750
140
429
214
9
495
556
941
856
947
798
541
381
399
400
24
997
238
635
450
986
167
242
832
538
17
449
667
580
599
249
398
717
316
956
589
642
603
741
478
880
669
561
921
249
801
24
44
989
117
87
258
120
278
107
209
856
966
662
140
472
746
55
707
678
352
930
286
211
860
861
428
607
697
431
348
392
902
173
889
484
366
348
785
149
11
667
705
297
595
712
64
746
234
865
353
190
749
957
554
114
723
292
392
975
294
625
259
333
905
347
586
699
198
487
500
136
923
660
296
326
897
124
509
766
864
574
4
956
802
236
686
279
225
188
737
638
363
336
664
856
86
617
660
775
955
939
564
608
316
562
239
848
42
922
505
852
391
90
40
710
972
107
