1000 1000
861 760 753 893 305 997 12 962 308 109 560 208 295 365 31 759 757 875 781 181 294 201 334 194 619 50 628 632 856 506 428 81 411 7 42 397 210 977 431 884 227 697 939 497 121 667 85 651 631 500 768 11 291 420 105 620 452 76 505 995 406 704 879 240 771 934 423 269 542 527 225 553 656 701 825 205 661 418 375 310 852 253 863 230 350 228 790 608 850 869 855 399 348 502 853 935 457 722 188 885 783 473 285 212 144 122 52 415 445 836 615 324 249 986 822 454 241 564 474 573 924 797 388 419 958 104 270 993 437 702 177 108 591 648 877 242 915 302 250 470 912 360 292 695 458 622 372 158 178 795 950 447 744 676 689 110 796 215 71 913 481 803 710 864 2 389 581 376 967 479 749 412 137 495 314 164 533 267 213 8 280 844 154 51 846 682 346 413 453 498 705 772 120 112 149 33 873 641 820 549 636 217 111 766 949 73 630 256 405 145 755 369 193 464 278 770 401 653 920 393 859 330 743 721 77 646 979 159 944 135 834 996 964 586 520 889 571 740 991 179 289 718 870 216 300 826 647 908 546 398 351 512 438 34 26 480 604 211 114 501 456 566 963 540 734 819 70 184 429 119 624 97 68 594 687 173 439 139 266 75 824 878 606 726 24 745 220 326 89 63 151 821 82 785 172 100 690 1 910 312 643 274 101 40 494 727 736 769 126 645 441 203 191 245 392 688 735 558 918 857 823 525 59 243 248 183 189 43 511 922 839 625 54 161 47 176 788 699 514 577 186 799 19 809 694 162 491 617 872 940 990 932 246 238 914 499 440 288 867 517 660 416 532 156 557 107 787 713 146 468 775 700 409 600 345 655 677 443 170 980 830 588 349 504 94 816 496 323 804 168 58 784 271 449 422 44 668 129 132 331 605 711 565 786 894 974 698 65 807 321 426 589 255 329 981 134 306 359 841 103 929 60 67 378 610 363 315 523 131 489 535 954 265 377 965 813 926 209 361 658 38 552 309 436 1000 391 810 627 368 17 603 739 187 98 96 537 460 731 88 903 984 509 143 733 232 719 750 41 14 663 343 937 911 717 113 528 866 987 865 957 66 115 880 802 623 318 357 536 311 556 738 928 338 888 148 239 218 931 247 845 86 61 801 296 32 601 404 263 956 83 674 185 367 493 433 686 792 25 737 626 644 530 862 471 284 925 923 519 279 379 831 742 281 827 166 125 171 362 716 434 833 259 492 30 327 467 273 219 202 347 192 904 732 383 403 394 316 596 342 998 507 325 425 970 13 469 814 896 207 102 849 951 358 890 385 235 751 691 199 465 410 320 921 237 953 3 858 283 27 808 74 319 195 598 543 490 747 478 182 891 818 408 370 64 55 706 127 779 842 909 763 538 905 373 609 39 916 539 541 828 400 87 798 432 197 339 975 634 948 782 562 548 99 461 407 876 387 10 952 222 344 765 446 829 430 946 286 664 116 427 650 128 93 140 649 287 584 221 840 414 72 671 637 136 971 607 163 597 578 4 642 756 741 693 299 724 899 333 635 395 847 160 886 223 488 959 973 938 791 906 832 580 712 224 522 657 684 15 789 696 524 874 662 585 576 92 678 78 5 776 84 293 297 574 570 57 462 364 561 815 303 513 152 683 659 272 728 673 955 843 37 475 679 252 20 758 355 214 868 448 595 356 371 307 277 424 569 551 366 328 244 685 943 236 268 639 29 817 486 681 748 616 390 142 384 692 36 579 190 714 762 165 48 555 582 730 837 484 960 466 994 550 703 629 337 290 887 709 53 652 200 518 353 301 897 229 972 559 226 22 251 882 933 575 780 508 335 806 547 322 450 572 881 174 593 352 91 28 9 374 485 590 992 969 534 773 669 811 336 56 567 851 563 900 444 723 521 927 985 898 638 118 715 680 545 317 21 133 777 640 515 380 69 675 729 613 778 725 945 196 848 510 621 966 568 46 487 883 167 153 141 80 999 435 49 982 79 531 612 206 942 794 774 516 800 670 666 455 633 282 233 988 257 231 754 989 854 402 340 332 18 147 611 463 761 919 746 720 106 554 169 544 835 476 261 138 258 451 262 978 23 354 417 592 95 123 672 930 583 298 654 871 983 276 917 838 529 6 16 752 968 260 45 618 35 396 708 180 421 382 442 767 941 902 198 665 764 482 124 341 157 892 254 234 895 936 304 587 614 805 175 130 477 812 602 860 961 204 275 707 599 313 472 117 459 90 901 386 526 381 907 793 62 155 150 264 483 976 503 947 
1 1 559 678
1 1 909 911
2 223
2 325
2 643
1 1 1 465
2 522
1 1 843 915
1 1 149 390
2 914
2 502
2 92
2 998
2 248
1 1 787 801
1 1 807 990
2 466
2 408
2 163
2 361
2 706
2 805
1 1 719 939
2 249
2 556
1 1 112 184
1 1 545 680
2 679
2 188
1 1 32 643
1 1 49 554
1 1 477 560
1 1 279 659
1 1 940 949
1 1 616 686
2 981
1 1 882 885
2 67
1 1 387 573
1 1 716 752
1 1 251 407
2 832
1 1 69 221
2 244
1 1 367 589
1 1 256 763
1 1 90 946
2 313
2 136
2 32
2 548
2 592
1 1 491 916
2 832
1 1 730 801
2 293
1 1 341 534
1 1 434 610
2 573
1 1 332 960
2 598
1 1 419 594
2 211
2 806
1 1 575 878
1 1 30 250
1 1 508 904
2 534
1 1 215 872
2 269
1 1 338 979
2 70
1 1 391 523
1 1 468 540
2 698
2 847
2 343
2 838
1 1 969 977
2 965
1 1 743 825
2 623
1 1 267 641
1 1 719 940
2 830
1 1 238 882
1 1 125 578
2 407
2 312
2 209
2 820
2 45
2 967
2 51
2 30
2 287
2 722
1 1 942 985
1 1 536 665
2 558
2 116
1 1 247 347
1 1 475 669
1 1 664 705
1 1 932 974
2 293
2 169
1 1 673 710
1 1 104 394
1 1 17 321
1 1 159 852
1 1 673 975
1 1 970 988
1 1 60 774
1 1 69 431
1 1 542 963
1 1 736 752
2 409
2 253
2 608
1 1 927 946
2 503
2 220
1 1 196 643
2 280
1 1 583 874
2 866
2 891
1 1 997 1000
1 1 928 960
1 1 824 955
1 1 651 704
2 187
2 330
2 63
1 1 961 976
2 948
2 713
1 1 474 879
2 66
1 1 152 337
1 1 33 215
2 9
2 299
1 1 943 995
1 1 749 826
2 287
1 1 805 961
2 702
2 518
2 293
1 1 470 700
2 281
2 283
1 1 9 558
1 1 467 792
2 252
2 400
2 604
2 355
1 1 362 998
1 1 917 923
2 376
2 892
2 687
2 915
2 482
1 1 228 662
1 1 933 980
1 1 66 754
2 249
1 1 599 796
2 116
2 119
2 273
1 1 468 745
2 283
2 996
2 426
1 1 121 973
2 336
1 1 689 928
2 467
1 1 486 802
2 841
1 1 729 812
2 496
2 844
1 1 190 416
2 94
2 428
2 678
2 848
2 136
1 1 232 956
2 359
2 61
1 1 90 596
1 1 701 743
1 1 86 718
1 1 398 746
2 328
1 1 24 956
1 1 399 799
2 55
1 1 550 952
1 1 98 712
1 1 291 462
1 1 653 805
2 874
1 1 729 945
2 835
1 1 317 449
1 1 821 923
2 350
2 94
1 1 560 893
2 233
2 622
1 1 809 914
1 1 173 707
1 1 807 821
2 904
1 1 487 949
1 1 930 933
1 1 564 910
2 681
2 392
1 1 828 970
2 742
2 358
2 368
2 669
1 1 563 712
2 752
2 299
1 1 968 975
2 761
1 1 728 754
1 1 313 809
2 922
2 247
2 990
1 1 117 935
1 1 629 802
1 1 64 747
2 252
1 1 920 986
1 1 85 763
1 1 409 933
1 1 217 652
1 1 419 442
1 1 783 803
1 1 834 879
2 59
2 235
1 1 50 659
2 902
1 1 195 978
2 707
1 1 453 709
2 27
1 1 268 897
1 1 106 828
2 992
2 112
2 979
2 500
1 1 237 406
2 913
2 59
1 1 776 837
1 1 579 954
1 1 351 632
2 840
1 1 228 612
1 1 136 902
1 1 284 818
2 710
2 110
2 719
2 44
2 680
1 1 240 332
2 189
1 1 509 694
2 524
2 334
1 1 57 278
2 485
1 1 706 951
2 47
2 486
1 1 410 580
1 1 915 924
1 1 28 165
2 981
2 792
2 403
2 453
2 864
2 428
2 248
2 627
1 1 412 444
1 1 697 736
2 270
1 1 500 747
1 1 653 817
2 257
2 683
1 1 451 673
2 288
1 1 406 707
2 583
2 819
1 1 52 683
2 493
1 1 317 405
2 10
2 353
2 440
1 1 744 868
1 1 715 836
2 894
2 568
2 37
2 888
1 1 614 906
2 979
1 1 484 864
2 852
2 509
2 962
1 1 408 972
2 204
1 1 354 376
2 175
1 1 637 950
2 397
2 731
2 829
1 1 595 603
1 1 726 943
2 174
2 190
2 152
2 643
2 474
1 1 274 863
2 877
2 781
2 945
2 733
2 169
2 557
2 480
1 1 901 972
2 425
1 1 755 832
2 990
2 865
1 1 334 554
2 141
1 1 583 901
1 1 263 522
1 1 801 852
2 426
2 663
1 1 573 975
2 301
2 583
2 279
1 1 671 793
1 1 273 312
1 1 499 668
1 1 137 386
2 373
1 1 732 753
2 776
2 902
1 1 362 440
1 1 701 757
1 1 689 971
1 1 302 753
1 1 335 554
1 1 40 41
1 1 281 940
2 886
1 1 928 967
2 983
2 488
1 1 978 999
1 1 342 984
2 323
2 648
2 700
1 1 931 952
2 564
1 1 713 755
1 1 816 960
1 1 739 924
1 1 656 717
1 1 798 989
2 593
1 1 878 992
2 438
1 1 711 924
1 1 159 612
2 217
1 1 340 980
1 1 815 827
1 1 248 871
1 1 474 753
1 1 879 926
1 1 764 855
2 41
2 809
1 1 290 808
1 1 447 485
1 1 313 850
1 1 595 860
2 541
2 105
1 1 603 964
1 1 262 949
1 1 998 1000
1 1 677 792
1 1 508 531
2 617
2 818
1 1 132 576
2 902
2 692
2 868
1 1 373 394
2 948
1 1 724 769
1 1 131 401
2 884
1 1 514 945
1 1 858 904
1 1 166 285
2 401
2 178
1 1 831 879
2 126
2 719
1 1 639 896
1 1 431 897
2 266
2 899
2 153
1 1 896 963
1 1 415 686
1 1 599 651
2 936
2 113
1 1 61 204
2 105
2 948
2 371
1 1 647 871
1 1 274 883
1 1 663 806
2 950
1 1 971 998
1 1 89 413
1 1 45 427
2 210
2 787
2 192
1 1 28 209
2 463
2 231
2 189
1 1 864 994
2 213
1 1 201 960
1 1 791 967
1 1 808 867
1 1 177 285
2 502
2 161
2 654
1 1 28 848
1 1 526 620
1 1 994 996
2 395
2 55
2 827
2 911
1 1 971 979
2 553
2 805
1 1 428 668
2 237
1 1 742 952
1 1 4 400
2 764
1 1 929 972
1 1 22 773
2 108
2 868
2 257
2 979
1 1 306 387
1 1 508 879
1 1 861 879
1 1 715 766
1 1 682 997
2 753
2 142
1 1 790 929
1 1 544 900
2 597
1 1 891 978
2 326
1 1 886 985
2 463
1 1 1 159
2 594
2 236
2 157
2 927
1 1 45 943
1 1 63 217
2 499
2 249
1 1 90 462
1 1 609 819
2 320
2 70
2 158
2 460
1 1 962 1000
2 230
1 1 618 861
2 88
2 295
2 910
2 107
1 1 124 827
1 1 552 729
1 1 102 345
2 546
1 1 28 377
2 352
1 1 604 783
1 1 243 393
2 782
1 1 848 866
1 1 921 928
2 542
1 1 581 638
1 1 232 517
2 288
2 89
1 1 451 490
1 1 9 514
1 1 688 990
2 757
1 1 696 769
2 369
2 408
1 1 277 760
2 76
2 526
1 1 389 757
2 191
1 1 696 974
2 915
2 105
1 1 635 884
2 295
2 635
2 347
1 1 186 311
1 1 202 869
2 18
2 356
2 780
1 1 805 861
1 1 823 925
1 1 513 869
2 117
1 1 325 757
2 179
2 913
2 395
1 1 454 867
2 753
1 1 59 933
2 4
1 1 315 978
1 1 92 121
1 1 802 992
2 314
1 1 844 873
2 311
1 1 330 663
2 216
2 155
2 93
2 164
1 1 175 176
2 198
1 1 728 990
2 643
2 330
1 1 992 996
1 1 809 978
2 538
2 772
1 1 266 786
2 932
2 272
1 1 162 772
1 1 823 851
1 1 692 911
1 1 285 953
1 1 159 291
2 993
2 718
2 36
2 231
1 1 581 782
1 1 397 730
1 1 230 516
1 1 402 671
2 929
2 811
1 1 827 970
1 1 33 226
1 1 666 864
1 1 904 984
1 1 155 438
1 1 232 603
1 1 563 609
1 1 459 478
2 915
2 890
1 1 247 847
1 1 386 965
2 769
1 1 213 581
1 1 533 819
1 1 875 995
2 968
2 553
2 537
1 1 827 847
1 1 549 946
1 1 361 895
1 1 21 344
2 491
1 1 57 604
2 754
1 1 531 843
2 691
2 464
1 1 781 913
2 351
1 1 883 905
2 169
1 1 918 955
1 1 613 760
2 72
1 1 434 850
1 1 797 927
1 1 597 756
2 3
2 205
1 1 481 821
2 698
1 1 906 926
2 838
2 644
2 917
1 1 551 779
2 549
2 236
1 1 427 921
1 1 928 951
2 227
1 1 512 877
1 1 567 697
2 670
1 1 539 594
1 1 686 971
1 1 245 431
1 1 593 880
1 1 7 359
1 1 185 997
2 155
1 1 294 910
1 1 186 697
2 691
2 984
2 82
1 1 601 1000
1 1 435 853
2 344
2 248
2 932
2 707
1 1 167 420
2 970
1 1 553 991
2 757
1 1 145 344
2 240
2 332
2 531
2 385
2 758
2 876
1 1 382 724
1 1 597 786
1 1 864 894
1 1 320 844
2 624
1 1 280 537
1 1 553 916
2 154
1 1 88 981
1 1 586 630
2 830
2 160
2 865
2 294
1 1 540 753
1 1 410 773
1 1 974 991
1 1 522 694
1 1 379 704
2 358
1 1 744 913
1 1 884 993
1 1 300 804
2 337
1 1 561 653
2 494
1 1 881 889
1 1 171 175
1 1 781 819
2 482
2 704
1 1 954 959
1 1 29 624
2 528
2 294
2 802
2 633
2 569
2 705
1 1 970 982
1 1 137 735
1 1 39 527
2 546
1 1 108 711
1 1 694 958
2 953
1 1 672 863
1 1 249 628
2 211
1 1 932 995
1 1 625 984
1 1 530 840
2 37
1 1 800 936
1 1 980 990
1 1 841 868
1 1 731 866
2 365
2 532
2 111
2 273
1 1 305 790
1 1 560 999
2 821
1 1 905 931
1 1 502 763
1 1 669 715
1 1 199 464
1 1 667 928
2 669
1 1 453 626
1 1 62 152
2 904
2 704
1 1 587 629
2 382
1 1 25 453
2 217
2 502
1 1 293 900
1 1 384 883
1 1 148 991
2 25
2 896
1 1 359 620
1 1 105 173
2 418
1 1 55 718
2 727
1 1 1 808
1 1 430 658
2 834
2 118
2 787
2 674
2 675
2 671
1 1 13 87
2 914
1 1 350 959
1 1 324 455
2 442
1 1 771 998
1 1 919 986
1 1 48 962
1 1 577 851
1 1 413 741
1 1 398 988
1 1 311 913
1 1 98 459
2 933
1 1 860 918
2 147
1 1 982 997
2 166
2 777
1 1 684 890
2 434
1 1 860 914
2 745
2 231
1 1 722 854
1 1 138 568
2 304
1 1 496 833
2 147
1 1 453 959
1 1 658 666
1 1 398 957
2 575
1 1 510 555
2 61
1 1 469 832
1 1 285 936
1 1 508 628
2 7
1 1 574 807
1 1 217 617
1 1 832 990
2 410
2 461
1 1 381 814
1 1 923 956
1 1 840 897
1 1 588 591
1 1 273 987
2 129
1 1 312 802
1 1 155 277
2 698
2 791
1 1 693 734
1 1 324 936
2 764
1 1 364 619
2 515
2 767
1 1 440 766
1 1 576 586
2 947
2 397
1 1 336 477
1 1 784 999
2 450
2 522
2 896
2 289
2 795
2 485
1 1 200 739
1 1 582 836
2 808
2 173
1 1 922 993
2 929
2 575
2 828
1 1 319 335
1 1 305 992
1 1 628 707
2 658
2 784
1 1 14 661
2 790
1 1 306 827
2 152
2 327
2 459
2 83
1 1 424 644
2 309
1 1 747 845
1 1 950 977
1 1 451 472
2 429
1 1 649 844
2 392
2 952
2 416
1 1 980 990
2 610
2 143
1 1 515 950
1 1 648 921
2 785
1 1 528 838
2 55
1 1 475 749
2 253
2 558
2 704
2 322
1 1 726 864
1 1 937 991
1 1 97 854
2 2
2 902
2 614
2 876
2 454
1 1 470 771
1 1 30 835
2 265
2 98
1 1 907 973
1 1 246 634
1 1 338 868
1 1 78 537
1 1 572 626
2 498
2 515
1 1 589 830
1 1 901 927
1 1 972 996
2 401
2 364
1 1 705 870
2 148
1 1 150 682
2 430
1 1 716 740
2 701
1 1 150 816
1 1 205 372
1 1 191 816
2 691
2 642
2 424
2 585
1 1 804 895
2 907
1 1 889 936
2 880
2 313
2 611
1 1 165 822
2 187
2 896
1 1 951 956
1 1 919 982
1 1 459 790
2 772
1 1 601 893
2 699
2 25
2 842
1 1 820 969
2 387
1 1 958 964
2 709
2 181
1 1 912 943
1 1 585 617
2 46
2 51
1 1 528 914
1 1 128 248
1 1 333 859
1 1 204 476
2 633
2 937
2 54
1 1 390 608
