500
210 500
414 311
109 493
353 6
286 143
349 255
497 363
57 59
238 286
303 131
436 416
153 435
92 234
65 99
220 276
469 181
61 262
338 425
41 12
119 474
467 215
267 204
275 294
92 186
221 88
372 12
274 293
15 91
251 26
409 173
20 496
276 239
93 54
146 20
279 206
400 296
450 37
328 196
211 257
488 245
144 456
280 483
316 112
407 413
119 91
64 148
276 69
355 458
217 311
421 472
96 15
156 489
250 316
70 163
330 223
245 3
242 373
151 242
338 431
330 95
431 96
361 217
445 141
174 134
117 82
348 8
42 29
390 65
462 264
155 170
71 63
487 222
151 322
173 221
16 78
440 402
456 22
41 401
198 423
354 213
125 407
278 362
286 31
136 444
349 260
209 315
118 336
22 105
342 275
477 152
466 123
269 126
139 66
410 332
162 34
318 485
221 227
394 408
497 125
360 8
252 186
445 105
498 7
422 99
453 202
144 226
491 179
17 420
112 76
178 438
317 151
313 369
189 201
438 435
487 159
288 476
359 5
313 112
295 213
71 376
51 319
313 44
227 397
432 136
463 3
40 466
445 305
20 380
2 110
237 486
372 48
76 408
158 448
295 222
344 271
401 308
55 45
332 288
435 122
2 254
401 238
64 244
423 451
359 452
192 453
85 141
130 181
67 323
101 479
138 87
460 336
329 294
227 406
453 279
21 336
152 335
331 260
366 432
273 491
181 7
367 12
416 126
252 437
66 258
56 103
290 202
135 489
407 216
17 65
223 90
264 363
471 432
369 500
228 405
330 281
225 384
260 443
235 411
95 328
329 192
133 345
207 491
404 128
216 356
291 431
390 172
339 413
230 190
436 482
165 18
270 205
279 484
327 310
327 425
98 428
206 369
253 121
446 188
166 195
7 422
79 21
300 368
294 359
44 296
431 6
226 329
231 67
263 96
2 448
224 215
247 214
186 291
228 344
419 202
447 41
56 290
369 89
487 134
161 76
396 381
242 23
143 56
294 369
442 458
204 435
69 323
201 457
106 181
292 169
310 456
237 354
40 21
216 204
460 30
429 291
425 428
33 482
85 102
76 340
213 25
57 284
282 476
286 190
251 95
63 432
431 26
420 492
346 118
326 128
158 37
437 28
464 431
133 39
420 349
161 470
51 349
455 449
100 452
62 361
383 439
424 411
450 453
221 73
31 378
110 237
300 194
358 307
112 270
175 217
154 457
2 3
338 25
426 69
456 267
266 488
342 301
349 151
80 145
269 374
261 52
182 127
199 265
351 141
450 230
454 84
153 122
248 455
368 173
156 43
394 226
407 48
40 203
250 15
378 402
154 487
246 378
457 178
478 178
81 347
88 111
491 321
433 181
117 173
369 284
10 385
331 203
75 96
472 233
178 70
86 170
312 214
126 442
3 316
163 285
385 233
119 143
453 2
305 130
432 30
10 49
341 20
481 53
397 443
50 297
393 444
8 494
350 495
445 280
250 224
138 125
337 241
260 265
160 467
313 405
374 78
453 31
444 57
252 153
20 263
365 11
31 187
94 170
421 38
61 348
191 380
192 64
413 4
271 154
164 54
390 447
360 382
211 228
291 124
496 69
10 487
302 399
133 82
452 384
397 88
479 457
66 236
435 146
400 396
159 148
492 93
454 57
230 193
354 179
385 264
94 24
294 466
264 108
431 441
190 373
149 36
143 19
491 90
209 477
492 272
403 267
85 334
109 308
279 443
394 13
500 268
482 314
49 2
320 103
397 294
116 213
484 392
44 107
204 122
150 395
199 367
356 412
325 58
57 451
257 177
219 69
457 61
29 355
393 440
327 154
42 252
142 236
481 218
91 171
374 12
257 21
291 425
475 3
287 13
366 162
177 292
193 421
40 288
130 476
119 12
264 62
86 348
403 252
14 240
193 281
302 481
486 466
82 410
281 38
200 386
225 13
103 351
393 452
364 283
375 81
1 247
281 422
71 354
321 192
475 255
449 274
130 82
49 436
266 353
166 196
133 12
9 212
270 84
207 499
17 493
232 41
336 90
224 398
389 210
297 475
97 294
14 410
88 269
134 224
367 153
179 112
205 383
61 242
387 433
360 396
410 108
78 162
422 56
34 300
270 486
204 26
129 1
36 235
18 438
326 277
326 278
112 282
399 265
159 484
188 351
90 68
183 106
430 272
296 233
487 390
181 429
222 472
375 161
72 163
475 468
205 134
169 450
496 496
297 124
320 415
151 97
361 116
402 11
88 151
250 116
308 441
