100 1000
1 15 83
15 4 30
4 12 42
12 52 34
52 99 16
99 30 40
30 61 59
61 85 5
85 89 31
89 93 78
93 2 7
30 78 74
89 23 47
85 82 35
89 28 68
15 10 17
52 1 50
99 4 93
10 90 3
15 4 30
1 59 19
99 82 139
90 99 102
10 58 73
23 39 93
39 80 91
58 59 85
89 57 12
82 99 140
52 22 100
58 77 93
90 76 13
1 11 4
89 2 85
90 56 24
89 27 18
58 33 33
22 90 187
30 69 93
56 35 50
61 19 54
80 97 88
30 50 38
50 94 96
89 83 56
35 15 94
56 86 54
33 46 14
57 22 63
83 82 52
97 23 272
93 40 54
11 46 22
23 69 50
59 92 3
78 15 237
35 75 73
19 78 39
69 93 80
86 3 81
28 3 146
28 26 44
82 4 230
94 26 73
93 43 23
1 88 61
75 71 71
12 61 149
97 68 86
26 77 186
59 3 4
94 52 191
19 65 20
1 88 61
61 27 54
11 58 70
77 28 142
59 65 120
10 83 296
88 78 19
75 26 202
28 30 164
3 63 24
97 38 62
26 65 74
3 17 31
27 12 202
12 48 54
89 64 41
52 63 97
30 1 6
59 79 66
78 1 79
40 4 359
58 25 78
88 2 125
61 29 94
85 6 41
12 5 36
57 73 51
86 57 171
17 27 65
58 27 185
58 38 548
97 23 272
97 86 479
30 66 60
33 97 453
56 54 63
85 35 131
73 58 231
33 64 175
12 36 68
76 39 364
43 55 12
76 60 26
22 71 32
27 35 181
99 80 366
2 94 47
38 35 543
94 77 113
63 49 82
1 14 42
56 43 314
63 12 131
25 79 73
97 74 41
14 76 166
19 11 114
33 13 96
89 86 159
90 91 46
54 15 106
59 36 36
93 6 68
82 4 231
76 9 93
50 57 69
28 68 337
30 41 14
75 2 175
78 16 84
14 93 137
25 2 174
93 60 275
29 28 10
85 76 192
99 71 116
88 48 90
4 22 176
64 7 64
11 72 90
41 65 119
43 20 14
92 5 69
33 51 6
76 40 356
4 23 274
99 48 4
85 49 59
72 65 45
14 76 166
13 47 79
63 20 169
86 90 79
66 41 46
9 19 149
71 2 104
33 73 197
88 71 21
64 2 44
4 24 28
1 70 16
66 29 93
48 89 131
38 10 620
50 82 61
89 43 101
9 61 95
22 59 32
89 47 41
91 50 134
49 68 377
36 27 135
86 39 299
54 30 55
25 49 117
24 60 1
58 67 45
56 19 231
27 12 203
56 2 298
50 97 376
85 16 94
65 43 63
76 14 165
43 97 218
49 73 35
27 7 87
74 30 455
6 27 8
13 76 185
66 37 37
15 95 57
37 39 138
83 56 268
26 12 296
91 51 63
63 35 108
54 17 103
9 63 77
55 4 341
4 57 239
49 25 118
14 10 181
1 81 19
59 51 47
65 4 265
10 3 162
90 49 265
83 54 207
3 24 120
70 79 69
60 9 67
20 72 121
46 82 124
5 93 227
86 14 100
99 90 103
39 38 241
11 62 35
9 62 69
60 94 237
16 70 148
70 59 3
1 72 94
65 18 16
56 16 276
40 13 171
83 55 57
86 11 62
85 75 59
16 52 214
16 80 168
11 99 37
89 78 20
57 90 249
9 42 91
24 64 240
29 85 89
1 72 94
86 75 69
72 34 68
54 96 69
26 77 187
51 99 6
94 87 81
17 50 9
29 80 173
65 22 90
27 17 65
27 67 141
82 65 34
41 87 201
22 63 2
65 10 277
3 74 438
25 42 49
46 63 66
24 32 7
69 19 20
3 8 8
82 13 42
15 10 17
85 57 43
91 94 230
97 53 55
46 9 12
92 13 41
32 15 66
59 23 129
5 96 68
53 70 458
39 24 338
67 60 77
87 97 199
63 34 115
59 23 129
47 93 37
38 26 268
59 3 4
8 99 66
93 1 178
53 49 346
41 16 144
76 63 170
68 37 403
19 98 29
52 17 104
50 26 169
59 30 13
41 61 45
48 63 77
56 76 10
62 55 175
99 47 176
15 47 298
89 70 85
64 76 266
22 76 172
29 35 220
6 65 28
58 63 113
62 25 26
70 31 24
51 34 189
26 11 208
37 38 379
79 94 55
37 15 258
92 50 22
36 6 127
38 5 531
24 65 237
71 9 112
82 86 164
74 53 14
95 77 126
27 97 301
73 50 119
75 20 205
12 42 145
90 20 352
66 6 45
86 17 112
51 16 191
10 65 278
67 94 161
75 10 149
96 74 441
90 62 175
73 69 65
32 69 190
27 11 114
75 80 321
11 53 471
83 92 134
65 75 129
3 56 136
75 73 153
22 23 98
48 78 110
90 6 247
96 95 118
55 82 109
73 40 69
29 13 95
68 9 537
9 24 69
35 5 14
87 20 5
46 7 225
67 1 21
68 93 327
33 57 146
75 48 42
23 32 238
49 24 226
19 77 92
12 83 241
57 91 202
25 87 209
78 70 63
35 78 142
69 92 76
29 28 10
27 72 26
13 4 190
9 46 11
9 86 28
38 44 14
2 51 212
12 51 57
50 93 135
55 70 197
66 68 440
14 94 98
35 73 226
73 31 124
43 78 123
71 3 58
82 91 194
38 24 580
96 70 5
43 11 197
59 27 100
88 71 21
29 52 210
14 61 23
87 43 18
73 29 6
42 19 58
4 68 632
66 39 175
82 58 171
15 99 122
59 62 20
64 57 30
79 90 221
66 76 190
87 34 60
31 49 89
29 93 20
34 41 142
36 11 20
38 93 304
29 53 316
70 45 95
9 53 505
48 33 3
9 65 169
98 44 348
50 16 120
42 90 198
13 49 66
24 52 48
75 34 151
92 1 21
91 98 238
20 81 196
32 45 202
41 88 41
26 84 39
93 94 39
12 61 149
35 41 82
98 86 206
41 6 91
92 93 157
11 50 40
79 80 247
72 78 14
94 21 98
27 77 93
83 79 73
19 90 254
50 25 31
81 9 49
9 78 110
4 71 208
8 97 389
75 23 137
12 20 300
62 57 74
91 64 232
84 17 197
53 42 414
14 63 5
97 61 356
5 100 37
81 99 54
88 85 9
41 18 135
7 71 124
83 50 113
59 6 92
22 96 29
17 79 31
79 80 247
59 78 61
51 8 58
30 82 99
96 79 65
77 54 76
85 66 3
9 73 194
44 30 491
69 56 211
74 23 313
52 87 271
45 47 31
78 18 75
30 17 48
75 92 11
70 13 47
47 94 2
16 50 120
41 53 455
37 52 153
27 63 73
84 95 350
98 66 83
14 62 4
79 41 64
48 46 11
71 76 205
51 50 71
34 66 97
83 8 125
97 68 86
23 83 9
11 42 57
32 88 152
6 80 221
22 39 191
52 48 20
9 47 172
77 60 123
23 67 170
56 29 271
15 61 221
54 78 129
49 4 255
32 83 248
56 98 260
7 53 269
22 97 370
82 22 56
48 25 42
19 36 134
75 60 109
75 54 60
36 44 512
89 54 151
48 81 49
27 79 33
2 62 146
56 64 254
17 74 407
62 46 59
75 51 39
82 88 45
11 44 492
66 73 98
30 82 99
13 77 36
48 91 59
6 73 53
33 90 104
66 32 157
94 7 66
79 49 44
7 72 112
97 98 271
95 30 105
89 10 241
70 79 69
18 16 9
27 85 48
7 29 47
19 91 209
86 87 279
100 21 249
11 72 90
14 16 122
86 19 177
81 32 110
88 45 50
87 8 190
28 75 158
53 72 382
94 86 198
12 5 36
78 7 126
69 23 49
14 1 43
38 39 241
56 90 23
82 94 35
85 88 8
94 18 15
2 83 30
66 54 114
85 96 50
22 65 89
82 73 59
7 57 93
94 81 120
69 12 182
69 52 148
80 69 232
32 34 253
80 64 190
54 37 152
96 66 46
75 21 227
36 81 35
77 56 139
72 9 125
57 3 89
6 41 91
63 86 106
81 37 84
98 3 126
81 41 1
77 59 9
41 47 122
75 74 450
98 81 129
73 1 165
56 67 91
42 89 40
82 69 6
97 26 207
13 37 40
56 63 159
44 43 293
23 13 86
19 69 21
15 51 129
91 36 74
60 70 113
96 4 147
80 100 344
92 62 17
82 53 370
54 34 211
30 88 55
43 54 251
21 15 393
45 64 31
30 53 469
65 70 124
6 48 141
88 27 58
77 24 124
80 91 423
11 72 90
46 22 69
71 84 170
90 56 24
79 80 247
7 63 160
88 97 359
34 89 62
80 94 191
63 66 19
2 6 76
68 70 491
72 58 161
46 98 167
19 39 122
45 73 53
64 29 17
65 2 47
24 91 8
5 2 234
28 98 21
72 64 48
2 64 45
66 22 15
11 96 16
42 23 87
13 52 114
56 94 252
39 80 91
83 9 186
23 8 118
39 45 129
40 55 19
24 26 311
79 25 73
31 34 122
24 95 0
47 88 80
6 17 58
90 39 377
64 36 157
10 31 179
25 9 42
75 21 227
73 94 23
35 62 101
57 7 93
85 76 194
20 42 154
85 80 262
80 84 79
37 26 110
19 38 363
29 20 57
78 38 402
92 57 91
96 61 45
2 94 45
37 81 84
8 85 39
75 20 205
91 77 117
42 52 111
91 75 101
73 92 141
88 91 152
94 54 190
82 4 232
77 80 305
96 40 213
69 99 134
40 16 68
94 27 22
39 29 83
100 79 96
92 24 119
35 44 558
50 3 21
3 42 38
88 47 81
92 38 460
14 1 42
91 63 137
36 27 135
11 78 76
83 61 91
6 75 101
23 96 127
61 39 176
89 12 184
68 26 294
90 43 338
64 48 172
18 100 165
27 4 244
52 71 132
37 59 85
57 6 3
63 20 169
76 57 236
32 96 111
45 92 89
89 16 63
51 20 243
73 92 142
34 76 284
70 1 17
79 86 143
34 94 23
4 51 99
34 23 14
12 91 7
42 59 41
53 59 457
3 84 229
91 3 113
69 23 49
96 36 37
62 43 163
95 100 88
89 79 16
58 42 127
48 70 46
46 81 38
14 65 97
11 62 35
86 74 519
5 63 95
4 3 149
70 55 198
30 53 469
75 50 33
31 45 71
45 50 66
66 64 76
53 74 15
32 48 61
12 70 100
99 4 92
80 54 382
23 89 46
35 51 35
23 41 129
93 52 230
78 17 27
79 21 153
16 49 36
80 36 347
84 63 206
63 21 191
71 23 66
74 42 401
89 18 54
18 93 24
99 68 540
50 66 22
90 33 103
20 82 112
31 29 119
32 90 45
31 73 124
65 8 108
29 82 54
11 78 76
72 37 9
60 44 593
41 34 142
38 94 342
75 94 129
83 4 283
91 63 137
8 98 117
52 24 48
18 41 136
67 84 273
62 60 137
87 52 272
2 41 166
98 84 104
51 59 46
22 76 174
88 72 33
88 100 71
80 39 92
31 62 1
6 41 90
60 23 245
99 61 99
99 36 18
82 15 261
94 97 280
62 47 103
39 71 158
77 56 140
72 61 29
59 34 143
56 66 178
27 2 67
35 60 35
49 74 332
93 94 38
38 4 607
12 95 16
28 99 204
49 80 203
48 50 74
32 70 107
76 99 89
50 37 59
100 24 86
32 55 305
62 35 101
68 17 453
5 67 27
54 9 19
24 85 168
93 68 327
49 70 113
12 15 72
28 44 327
5 100 37
75 96 9
7 59 186
59 10 157
48 41 50
19 65 20
76 27 242
90 4 10
67 13 84
41 71 62
77 96 6
87 52 271
88 84 191
86 91 33
87 56 334
29 3 136
63 25 35
73 33 196
29 47 16
79 84 167
26 66 146
46 79 104
22 56 161
28 74 292
35 52 12
76 37 226
35 2 248
38 11 478
91 57 203
72 81 74
46 83 176
26 19 94
13 38 419
99 6 145
63 18 108
93 40 54
48 47 172
4 32 35
16 40 69
59 30 14
95 100 88
46 73 183
76 63 170
73 74 297
81 39 222
98 43 54
9 4 95
26 35 274
79 83 72
70 37 87
79 40 148
39 22 191
64 78 63
25 82 93
1 62 39
63 3 24
96 85 50
17 38 428
8 94 109
85 45 41
60 22 147
59 44 477
69 78 20
58 42 127
92 65 117
24 16 262
73 30 158
16 37 62
60 1 97
53 94 335
30 49 123
28 99 202
25 75 1
86 39 299
71 63 35
85 10 209
24 86 40
1 25 12
94 6 29
66 68 440
8 78 49
85 5 117
35 92 84
22 86 109
91 43 292
99 87 255
19 22 69
98 77 122
70 9 45
94 69 40
3 39 218
1 20 216
19 91 210
40 57 121
33 79 118
15 88 217
40 75 221
28 55 45
89 42 40
43 3 179
5 47 190
57 10 252
9 62 69
34 87 59
5 86 11
43 61 136
21 44 258
79 88 25
64 92 119
16 57 51
13 12 147
52 39 291
71 25 71
8 85 39
52 2 236
90 59 155
42 91 150
13 56 174
94 73 24
3 77 4
44 74 36
52 76 72
33 62 72
70 4 143
8 93 148
52 54 1
93 71 97
73 8 132
6 41 91
63 10 187
39 61 177
72 55 120
48 15 125
30 90 142
88 57 52
33 71 115
40 67 255
84 61 186
6 92 90
87 88 159
43 18 47
57 89 11
55 67 235
61 20 151
32 39 332
68 77 480
15 21 394
54 8 80
70 17 38
23 43 54
8 64 111
61 48 96
31 18 115
