536620 593846
405822 415434
309373 489662
63103 247500
0 415434
0 405822
0 405822
201713 303115
138340 415434
155651 187042
249374 379406
89008 249374
77469 80515
218581 296876
161433 198039
156870 377982
23865 198039
0 89008
25424 66001
0 21724
59234 102964
0 71908
183708 229437
0 218581
181313 205610
105254 203954
82464 203954
0 44433
4582 139515
49595 172407
0 0
0 0
47209 163343
0 64983
24052 172407
0 70268
0 91754
29911 218442
0 172407
0 100676
14547 113341
52154 138191
0 203545
46443 98667
0 120988
0 0
0 87062
0 33043
0 10170
0 95859
0 116755
0 99939
0 89321
0 64106
0 52058
0 6530
0 0
0 0
0 33710
0 38392
0 0
76498 116128
0 89008
0 12976
0 52975
0 51843
0 78025
0 0
0 105874
0 29379
0 18817
0 0
0 12885
0 4071
0 0
9266 37172
0 24609
0 0
0 26971
0 102964
0 96553
0 0
0 0
0 0
0 97318
0 0
0 0
0 0
0 0
0 0
0 0
0 0
0 0
0 0
0 0
0 32400
0 0
0 0
0 0
0 0
0 0
0 0
0 0
0 0
