50 30000
577376843 9991 23348
773872353 6059 19544
107257734 4299 11183
973319096 3020 71384
398573923 7707 7194
538544556 5185 86150
780625778 8471 54292
129935645 9913 969
577373427 8731 7473
520842972 9712 43828
973324623 1535 537710
773879942 9881 15102
97572642 1317 18862
520846751 9807 17995
577369536 8852 29339
129931376 1277 56032
107249473 6264 529
107249982 9405 6756
577371792 2317 223947
107250233 9642 1870
973319384 8814 73155
520842886 9500 18029
97573412 6596 634
773880785 2249 293907
780626401 7089 26454
577371648 9834 14498
773872558 9186 34935
398568052 8705 44515
973322923 9679 44333
129929294 5577 13954
398568109 6334 54425
780623590 1378 384638
538544918 9194 54910
538552993 7911 64921
398572121 165 192624
773873401 9452 25864
257707493 8670 18287
538544355 431 152304
107254191 9878 1705
577368140 5248 89608
97576011 2656 8563
129930929 9745 8974
257711643 9971 16274
773873015 3321 86014
107251170 8468 9344
520842951 2181 151378
398574629 8694 5102
398573061 6257 46238
780631227 8839 837
257715960 7378 32722
