500
80000000
262144 65536 16384 4096 1024 256 64 16 4 0
46949 5
68769 4
67897 5
96579 1
20349 3
30510 8
49066 6
82485 3
39353 4
64969 5
48044 2
42978 8
64894 6
48304 5
86319 7
22916 7
13546 6
92761 1
54456 1
18633 3
45290 4
23149 10
15298 8
92915 6
88355 7
75462 10
62010 2
72378 10
14700 1
97463 4
35456 2
45639 1
69008 5
88994 9
37451 6
22073 10
74158 10
129 3
97828 4
53922 7
9946 8
59008 9
2696 2
4617 10
25468 4
447 4
21640 8
81576 8
88078 8
61107 6
98506 7
47085 8
46816 7
1636 10
75624 9
21339 8
36758 2
27727 4
48878 2
80584 5
16295 1
24931 5
42685 4
52702 8
78749 7
98725 10
96877 7
31996 3
24154 2
81933 4
50213 10
38900 6
55791 8
56329 9
79331 3
90253 7
93668 1
23288 8
24153 10
21697 6
58198 4
71823 9
56427 2
84638 10
11602 1
22933 6
30228 1
30439 7
91036 7
53224 8
1760 4
3410 10
57261 3
21368 3
47826 4
25994 3
61838 7
37609 10
77501 5
77356 1
87745 4
41395 7
79757 10
21644 9
14871 1
27683 4
74494 5
71247 3
64856 8
43098 10
52737 7
34448 8
71488 2
26091 1
58844 9
17245 6
18238 3
69759 8
86312 8
11353 7
96950 9
74611 10
33362 5
4891 3
35998 8
28182 6
97341 8
41707 5
98467 10
69486 2
61181 10
78730 7
195 7
40210 4
32540 8
90344 9
58034 9
42031 4
17335 1
19822 6
55159 7
91397 3
26304 1
79508 1
81934 6
23625 3
10779 9
82697 7
28870 8
67970 8
90819 1
53137 10
82755 8
46031 10
47140 5
53024 4
41019 10
23774 5
94208 6
9442 8
27130 8
82740 2
44269 7
38452 1
4992 4
38730 7
76979 9
40458 6
38400 9
31691 9
21200 8
56906 8
47425 10
58681 3
88278 4
21805 2
78847 7
81191 8
35370 6
60963 5
16073 6
27135 3
99237 8
29645 9
48483 8
11996 5
7604 4
28899 4
17251 7
79343 5
58938 2
80366 10
77269 4
28667 2
42283 7
56844 3
23289 9
37435 2
91921 6
32625 6
3106 8
13529 10
29448 6
27939 8
52567 8
150 3
75236 5
10300 6
63252 3
21160 9
87784 4
21609 5
81704 5
26101 3
270 7
86447 9
18870 3
76346 3
19460 7
27267 3
52310 4
94857 2
51819 2
33935 6
14931 7
68452 9
64089 4
49106 8
61165 5
65157 6
53942 1
16958 10
17783 2
5144 6
97664 3
78906 9
16792 1
41693 2
59017 9
4191 4
88684 2
89289 10
59701 8
60637 8
53473 6
22212 9
53311 2
19894 8
6493 2
12010 9
17459 9
44896 8
73012 2
55692 6
61972 8
52805 1
76469 1
24526 9
43350 6
73732 5
92156 4
18889 3
34466 2
26991 10
33791 3
26888 3
70935 8
41901 5
31620 6
69037 10
15877 8
42104 10
39783 1
89068 4
1842 3
10974 2
32310 4
26316 2
96151 5
57762 2
47286 10
96043 9
48098 4
83258 2
23902 7
35161 8
40180 8
47889 7
35257 8
90074 9
32866 2
25700 6
69255 8
47398 7
39990 10
83174 10
37946 2
24010 7
4813 9
20542 4
56731 5
74119 3
96568 1
73894 6
13189 9
35568 7
25342 9
73741 7
82630 3
38318 8
4662 4
37332 10
15907 1
98365 1
50479 1
62450 1
92243 1
93167 5
63467 5
55282 7
69441 7
24102 4
46845 10
85937 1
13805 8
23964 3
67216 10
99491 4
65257 10
92253 3
80194 10
25933 9
29182 8
35689 10
78979 8
57898 5
81030 8
91253 5
40505 4
57352 5
98034 7
25129 7
65277 8
32587 1
31076 10
84961 3
62940 2
85287 7
49587 1
63342 5
24473 6
40648 6
14476 5
31764 2
37320 4
32203 9
42222 9
33931 2
24851 10
61988 2
79275 5
8257 6
91478 1
8696 1
46572 7
50037 9
16933 3
835 4
83947 6
23451 9
31683 3
79249 7
55352 5
24637 6
67146 3
57127 7
44151 6
56181 1
28392 3
38137 9
17215 10
2582 4
47198 3
80979 10
8091 8
90755 7
22274 2
82803 1
24970 1
1876 4
14876 2
49771 6
36512 1
56598 4
50154 2
52225 4
84869 10
2346 10
3806 6
58961 3
99187 2
23107 8
24220 1
71111 8
52218 7
76938 10
98175 10
25800 1
30686 5
19003 9
33044 8
47144 8
71189 8
43304 1
96635 10
15731 5
33388 6
61363 8
84427 2
89319 9
96609 9
16182 8
20812 4
48822 5
55176 9
48093 5
94461 3
99015 7
23145 5
16072 1
18062 5
75252 2
7070 5
18636 10
8965 6
17323 1
67575 5
98929 3
34907 6
91822 9
84792 5
49363 2
79294 7
12149 10
62839 1
66851 5
44687 8
71401 1
84161 1
19077 3
8067 10
98505 7
52116 7
71729 4
8484 6
49480 5
24676 4
83925 2
35951 5
72138 8
23065 7
83824 6
89654 8
6252 4
90925 5
45078 8
31485 2
36987 2
29488 3
20336 9
86815 5
44698 9
99653 4
85467 10
92072 4
83775 5
53925 6
3975 6
23578 6
88788 1
4953 10
88439 10
31179 7
17945 5
89410 3
38278 10
64483 10
59294 1
12307 4
78462 3
78049 6
92939 1
67955 4
93920 5
59093 8
38138 4
76254 5
71745 6
19301 8
38553 5
