40
173944914153881419
262144 65536 16384 4096 1024 256 64 16 4 0
3972484435433843 1
5303118103049569 1
12394659503701333 1
5944541490335276 1
1252924755109269 1
5320005505528234 1
7860632629436677 1
3985190456767167 1
12517297251468837 1
4380441927478185 1
2262268636820412 1
4778822548258628 1
12111027229904931 1
10123074695600207 1
7539385423907398 1
78214929803566 1
6784266160068779 1
14177615666359469 1
11741703510620655 1
15166942635140425 1
6418631533769877 1
6801505653104046 1
8302071811676030 1
6402349604071552 1
1509071294413048 1
16286582965297276 1
5043873057093592 1
827205853571100 1
1444598104406694 1
14383388156619261 1
10669984385626173 1
4971780656453792 1
15367956568051440 1
10876687473979155 1
17874381830772109 1
12735107540021136 1
16146757497293475 1
14179182283793633 1
15727108000840931 1
14392389692940712 1
