60
284421442645290843
262144 65536 16384 4096 1024 256 64 16 4 0
9477988939052788 1
17575861976034947 1
8565781695404725 1
17302059219723037 1
8191159727608809 1
5290465679846883 1
745173771826792 1
9733247964956409 1
14086800194198998 1
2881622028447125 1
5286347733478825 1
15465504221784479 1
940600249012654 1
1163211221584538 1
12308252973907309 1
9567803151050755 1
13495399959243915 1
11250424214905273 1
14216922926523056 1
17809521993719613 1
6456953118976874 1
2635439640203324 1
75666300082802 1
13078232753761325 1
6624063586143087 1
3392309357032150 1
17529974268748250 1
5451076281805811 1
5927613104523586 1
7853372250040025 1
544594201752978 1
2788883996261209 1
13222266246718032 1
1378880381864194 1
14849606287413993 1
14113362219300747 1
243103090152235 1
15526163143702159 1
13620418616751796 1
13578501308988826 1
14195816063965483 1
3074840678140997 1
7488515677773324 1
9150676139305566 1
7745549131575562 1
8037469296322381 1
3742794672784880 1
11082967671167699 1
9028024245229578 1
5781995219215477 1
13085136757091140 1
7145846036130841 1
9059344504359698 1
6614442935263504 1
6845970050321169 1
11040626017696534 1
16905330106943244 1
15246449823037912 1
12686002251948643 1
9482171422368981 1
0
1
0
1
1
0
1
1
1
1
1
1
0
0
1
0
0
0
0
1
1
0
1
1
1
1
1
1
0
1
1
0
1
1
1
1
1
0
1
0
0
0
0
0
0
1
0
1
0
1
1
0
0
1
0
0
0
0
0
0