1000
1000000000000000000000000000000000000000000000000000000
100000000000000000000000000000000000000000000000000 10000000000000000000000000000000000000000 1000000000000000000000000000000 100000000000000000000 10000000000 10000 100 10 3 0
73767672953317745993888754402818119525932776544582 1000000000000000000
01788258537406285039410657046362262968146871118003 1000000000000000000
18175416921475608463556111775312333854054614366309 1000000000000000000
92721172392714086906113855527799924437286830867809 1000000000000000000
49839965899306489385778416065642009534220729480302 1000000000000000000
85607994424425731697035776367401125522968948365294 1000000000000000000
34285259255854692298795829294015002982027915529224 1000000000000000000
37558967711210343161438631265120494233164194642027 1000000000000000000
71946133280164211242422726303015821281857781913659 1000000000000000000
48338866249186262669564935425607320120071898637136 1000000000000000000
18439831796929574967625457220225516063606238058515 1000000000000000000
54164114013896815305301546480218788596288221179855 1000000000000000000
63031365545167775911933647327970671995117583660743 1000000000000000000
07004809958280335275938134335389627058621145571710 1000000000000000000
40040494861068763243288759058632426034968257477051 1000000000000000000
24139675926143993770539884088934496228658178757340 1000000000000000000
38393101738836689011116453600231516893522741814389 1000000000000000000
78240219396019458974421978997329959924354002391033 1000000000000000000
87966933454121179664614222978478983829017431000479 1000000000000000000
76048258117324025834155842222477253066339231499873 1000000000000000000
64593702935325392116644545611816816452070841475205 1000000000000000000
13637863802287834496075848708422049565363246999489 1000000000000000000
89647927226968033707738651420252771025366171803851 1000000000000000000
41261390382236410661405277629237675301855857427356 1000000000000000000
44483602943047030029578375787009189425142750400604 1000000000000000000
35495330725949502663677800171544798116414258686234 1000000000000000000
91569369766242206716868199469821423505332439656324 1000000000000000000
01302863637160131306160731463084938823717986258333 1000000000000000000
04622375592735975293094309672989342186794619634196 1000000000000000000
08173578012269038132155777744153785662125364117967 1000000000000000000
95221713488695207560008942904646206519950625502172 1000000000000000000
29041498015276411857761414468435498216208935815295 1000000000000000000
92031761110589945963118679787009412862110720559456 1000000000000000000
29126837159603467925659737692873648782477172417377 1000000000000000000
10215649199238340078255101479605260470599872723604 1000000000000000000
09363540524421370259255267200270925157335768893785 1000000000000000000
70603628941768570042960880889476458815432657940208 1000000000000000000
17874105919098092125719775254045820953522613536584 1000000000000000000
76593040168747810717493428491530246951711131251127 1000000000000000000
57762391708166157154395920541312312141835066569393 1000000000000000000
96651850892912283953175941269804063732231043693357 1000000000000000000
90656070265187104228163778678615842327134191044839 1000000000000000000
11978004527728654218620280326794233348179061835096 1000000000000000000
68506776141817801178951621128633941695604493563939 1000000000000000000
98009445857363908312939210363765268020253237905227 1000000000000000000
10199408607938752827321811069100023203465306852631 1000000000000000000
98672610467247251188746555448703139004942425143417 1000000000000000000
65820201151574238911014155886304992775941452894593 1000000000000000000
50628628366494367050292674964270419479922641222215 1000000000000000000
56484203108133563996100837506774212997155695590387 1000000000000000000
57638325355362458589445018606760815728097434285085 1000000000000000000
16370229788922393247345141549857094657686483631438 1000000000000000000
54749698582989602960723980551285205900508546942825 1000000000000000000
17594151430715594032090881570009805982569868158562 1000000000000000000
68276323223831207724252899438214184062610918714286 1000000000000000000
37814203054464751600790909400821375696398249207679 1000000000000000000
54093585517032463266936560361354609105709475917951 1000000000000000000
41373250179617962086329461888117061187551806598989 1000000000000000000
44319784804460793031670172884826731373748096970881 1000000000000000000
09630126948780989738594498281843219196568540661827 1000000000000000000
26359105501628269282797984989356397377816916902233 1000000000000000000
20635214881181226004780578200348771799861701824508 1000000000000000000
08274815607829583650787710791659913908466390713789 1000000000000000000
54450883955880193257533556085023032848097800891924 1000000000000000000
46629369072165316147910740075324319062129773564582 1000000000000000000
91107531414295498073363921707256659085272100174666 1000000000000000000
07577295833158250838766511423464050073707618262206 1000000000000000000
01875832393991018527741035101212072149682565148218 1000000000000000000
34756350373991206310428820216906287687208699626244 1000000000000000000
33468899323490548223528938034879592844082059701674 1000000000000000000
78042034227291132681908289725504963596088645445575 1000000000000000000
61938404157652491230344234271966581989907415587439 1000000000000000000
48899475108219035401530568331192189862661934117374 1000000000000000000
60117538326513559519259309305679374688801743037636 1000000000000000000
18775901741686032378708141578391611513783754974678 1000000000000000000
92785857637001694062941373417848478646369076674874 1000000000000000000
36646655209098389936057542341425230315406215325478 1000000000000000000
93387272227476861528370933963834123595628183114622 1000000000000000000
08428366130383176758757869554257872830395537971641 1000000000000000000
42367592396630070497252837152767743955532128426346 1000000000000000000
24388267894713267268532354288864824093496283122398 1000000000000000000
34357645645359330139488935873166391638745662367529 1000000000000000000
67891294341216172949576919053272631215085190408239 1000000000000000000
67423632843270422247878303916900640227167687622135 1000000000000000000
77782089542475006872387496115085815281577722766452 1000000000000000000
76707205838161890075819602979625123996912552286498 1000000000000000000
72465614358553328167076964882296607864042158684414 1000000000000000000
28652140474988371176128195301706176542633611055739 1000000000000000000
22237122330925145161035640265622836432223198852278 1000000000000000000
70829234734064908907669720010621278968809938781741 1000000000000000000
42180909278094437650090617285351218247430542241368 1000000000000000000
90617823498439091290411617823146392658887740672909 1000000000000000000
35340146127758866981295414581794409276150050302558 1000000000000000000
82753765384034600174002281147076233227476156512988 1000000000000000000
58906754330458344243740307974937909478098018401956 1000000000000000000
53531860558135969001337412128959851374884798533254 1000000000000000000
15512539191923452426493426756983118799733781445458 1000000000000000000
58154939133836350999984540413990611204596425475132 1000000000000000000
79018468541051556215409327781399365559691606293673 1000000000000000000
79668446824888744461886276207057043847846829537496 1000000000000000000
25963090473193485029012216830973300830748959369164 1000000000000000000
69692896033227549867884087146111411295246576949144 1000000000000000000
86215817307600610762882622111602233260080663371094 1000000000000000000
37860460188309944313777020370057460635056313647665 1000000000000000000
65900728509739429776645583010471427798427615115480 1000000000000000000
26979537575275037655324698713631676883758234170720 1000000000000000000
94701386328289139243981667634028540388100921155367 1000000000000000000
24530284825470626317937095191001053847612940834233 1000000000000000000
44252569339830588346140033421494611866383561066058 1000000000000000000
05902861772375078984164452071902604339245448958786 1000000000000000000
00235904268976559285010007759116466228531529352938 1000000000000000000
70458313609194457412394984113762027053225480609791 1000000000000000000
72832366124367617268600735062261864293855726684444 1000000000000000000
38508854713639021359378496900575290737924615269813 1000000000000000000
32100023736757643335339579857507765816280336826168 1000000000000000000
39190653194658276294587580650704239606117937289530 1000000000000000000
84309815432901910626976801240652235280073879450475 1000000000000000000
82008421081497680681205087787480101713838252461730 1000000000000000000
40614277170383236886054320893819128863340307505788 1000000000000000000
16269447766812738657099204986882774877980813274515 1000000000000000000
50067320085200177928315299651963672262682431805349 1000000000000000000
26481008903398517285721351207046921453042026043470 1000000000000000000
55032575577858529519272645436264159894860221189889 1000000000000000000
98023946425015859107287376907500411052536349197100 1000000000000000000
83731546734604574137770211540266809402494757670957 1000000000000000000
88031652063551082346478082583281073984513110799783 1000000000000000000
17657030411109595336519574425769592271707325664362 1000000000000000000
23328391124005842823888734412167840615096985977711 1000000000000000000
09426153427460817808059078948448019793321552516001 1000000000000000000
32721937632940843413232539396957316679354433991869 1000000000000000000
24575464099718158731153337514914253141863181713454 1000000000000000000
43777961195528150167307913937672474613683084888885 1000000000000000000
53240676164823549815518200685480345682676094237785 1000000000000000000
39404976815687415406009425162646087156748996364133 1000000000000000000
95418968824508363438833857061812199421997762880100 1000000000000000000
89455132536017801432962200896788897801898180833060 1000000000000000000
39196700882672278046744918947574332768731208170597 1000000000000000000
14690833426133040742656366011457547325369464230651 1000000000000000000
26365047103395771907851145685674589313316284379103 1000000000000000000
91663033882525040644442903760486781259903926041908 1000000000000000000
64335319569117126412041974295886249477536147942854 1000000000000000000
41348112230756302629779776091838977135878462220120 1000000000000000000
69152214153038014532213458135350768460262831993148 1000000000000000000
24566332456414273742114426967065297371241215055204 1000000000000000000
80920747463051815320993619145817813621101539907240 1000000000000000000
01299115896081798620064554801262825895918023053833 1000000000000000000
17507506944424023521233416012061481411705872210677 1000000000000000000
61859394812588763550266191833852169640837491434471 1000000000000000000
59962461340032831704124131491010949203040396844048 1000000000000000000
38033611207083234750425777596303416721523731334376 1000000000000000000
92932662619563361637467245896579086322456087810838 1000000000000000000
95147980907509108302871283618742552563709963089669 1000000000000000000
47117977104107577093817762306559437531816221184864 1000000000000000000
33779408766836566787387138257524771179336121610725 1000000000000000000
73093140706206029516554610707956472182979337394916 1000000000000000000
85846776948831980824648351721035917430400023932924 1000000000000000000
30532587470740597475987482766470703591015035712923 1000000000000000000
63148483502370667976316555434683592390972407075131 1000000000000000000
46782391982606316171911649624069172115176433692441 1000000000000000000
78472555711508091417308118760012519995097077116021 1000000000000000000
60770780402153933216521212585889452830379216856363 1000000000000000000
58551534293871521533654050799584190835406506716519 1000000000000000000
26822400304527230484318821691087988869328237396783 1000000000000000000
54484515065203644745900790957571457053245358480664 1000000000000000000
65028035232401242415772638604233324916142123289383 1000000000000000000
82377935754864212057507612081763014577586065307149 1000000000000000000
43001335915987370708633872486174791034901609317437 1000000000000000000
11960918920642388277225615991851379593177690388238 1000000000000000000
17509184429262788177637903282391013671581531134661 1000000000000000000
32750682470438117344245463089663065767358289716966 1000000000000000000
70659014886548673239774855375045614091637947339661 1000000000000000000
86698487685522264477861344146624442359559038847354 1000000000000000000
71862887315133905187230333217859042486472015607196 1000000000000000000
97641931755087132439295655127951498518812024184884 1000000000000000000
22323612701282072039733206598597992170933348496661 1000000000000000000
14256110323042179335731799782579587884778416978038 1000000000000000000
60837649422649615327849028126096997007916838179176 1000000000000000000
45275844866850407440111340052851574204320157793969 1000000000000000000
16513397607883772814239448553564911652424379094308 1000000000000000000
07929411266544203951624270713792504948229525814898 1000000000000000000
68416959271403320771979356182881760037178629151142 1000000000000000000
40338233697173622340421520785306063386823090359470 1000000000000000000
79949870856513913106992683811410418433968545395162 1000000000000000000
89629837607930824985406236463774196034096496640850 1000000000000000000
81905459034447306250695119656977778078841254170387 1000000000000000000
89451224124794415547235767442507846622788030094636 1000000000000000000
21211154885040716875432420830936108231038458790439 1000000000000000000
65350178115639920817214850201213849091074183595513 1000000000000000000
80639279725686602629858207053567508307057754628503 1000000000000000000
27823131151798875370001912322674772732858829730004 1000000000000000000
27713651363598944319755653688017177530829388835918 1000000000000000000
26083900004784716649219218370082604519538605731188 1000000000000000000
02748104138852300054387484159300335890522912252865 1000000000000000000
48936054124965796466388669892581227919419152956080 1000000000000000000
57754386643817960962160105486049378694304975212967 1000000000000000000
71174714132901360379358032738691926212666027923031 1000000000000000000
05503681061914312279499076877308126500818172411346 1000000000000000000
23279801716246016894936869660176228476782447724570 1000000000000000000
22298769086667225636640015554780232441132118712605 1000000000000000000
21331675108626467037432129409710165997875627996911 1000000000000000000
61363102115967879847296097386205396704811162581800 1000000000000000000
64419780149868504632777713764463338609363824568589 1000000000000000000
41057458524836475753860578122685282985169042431441 1000000000000000000
51609142384144665945346320359036592909250975562960 1000000000000000000
12387053167264162677846511275732937623428011229501 1000000000000000000
71695487591463820336350991007050566602375408654198 1000000000000000000
29667926294994997481302115426961834276642099127821 1000000000000000000
73010010068308273609138531400814092644791007048332 1000000000000000000
72913443187620534573541838237400006087823005068837 1000000000000000000
36904946048089850541423952632243605804518275982569 1000000000000000000
37194696224907760655365481234426981824958821679916 1000000000000000000
74264790988431108459905542121403368450345811041954 1000000000000000000
07916578934198979052942856794821078477289873157478 1000000000000000000
23148087611948555886507153362646456236498905643260 1000000000000000000
80849703945275117559947739897972290109776207661802 1000000000000000000
40989791427895442277078200994835595160815741148867 1000000000000000000
65169172769545665347558231327345503985117646816644 1000000000000000000
78345681940555559946591245630033071922178719039052 1000000000000000000
21616679430620758054174143179952315911313964783156 1000000000000000000
56560522851984224203138485049370737653234669508615 1000000000000000000
36457192627744449199040335893648201866672036044969 1000000000000000000
80014006490125234390566825051136473144303670404510 1000000000000000000
55383768274884704794135466442765399028175020585491 1000000000000000000
62707368921963585299356032772089703429457191666492 1000000000000000000
27231771415326406109038562653351432127121250870985 1000000000000000000
91951253130223330989559368028419689577586111733548 1000000000000000000
99602449074102452976968060048175325728687329486432 1000000000000000000
28796342284680294358950738356357927737262939504891 1000000000000000000
32781982386488947310886026213113408285153466452066 1000000000000000000
90112434096975891628234952319337728269783944328778 1000000000000000000
40866948934105815491305290315127048199516594016504 1000000000000000000
83742873265624076600885130321257805401354849463912 1000000000000000000
60270837185777323994505357100217832851798488991362 1000000000000000000
28071751397263186070096204553799519481666101748603 1000000000000000000
50297006003655990808665749506115135683884066893372 1000000000000000000
24476708671900239750429521879450776083090087504906 1000000000000000000
83175552619482135548236398917243858800766383010447 1000000000000000000
23563744842627285360293409391017648050690701272014 1000000000000000000
28637502148209941400804114477432620546566620210205 1000000000000000000
17449498591733982646433768225783950176204522583554 1000000000000000000
50088569454260267563093405524215704407420446634163 1000000000000000000
01701918482102144985737523616230724443719353423274 1000000000000000000
24246862989546919106152892732743417634414499039882 1000000000000000000
88176238315492188864127049865263569935359963862382 1000000000000000000
83286699861626222777611211821095793681908702081998 1000000000000000000
23620035526059728846091152066825069719418888846705 1000000000000000000
65626504903366505802850151292669284716518878082180 1000000000000000000
36394651733440169690385932451807653239884888226092 1000000000000000000
09969419693963878566494622911820421389878681298330 1000000000000000000
08303332872456289564007665348406124079973167953701 1000000000000000000
74188557953668185292568526503159388950394443863256 1000000000000000000
97878387896548626273220394403950066458403258403349 1000000000000000000
46137860498414797687929758736357424618192375710783 1000000000000000000
24468943759669289356939846803975721225443039093435 1000000000000000000
74536436577170596445726073736116297835248157745585 1000000000000000000
52795030805375012079281790198467794796783266819233 1000000000000000000
77606335125269408357082855537288557141866075843902 1000000000000000000
48736573882175109842801750995254292048525149752263 1000000000000000000
90374947892699862464782783698773975993203390340570 1000000000000000000
96474267853946658131520426160537114168383732801444 1000000000000000000
76042839315139499046729440820602994401158321270473 1000000000000000000
71650328270831963726141770175500352254248162396713 1000000000000000000
88942683615603689869478443428314755956603278694376 1000000000000000000
69131588960282070313696118459230538649732419019333 1000000000000000000
76430678875454991224084861714827505807205838068365 1000000000000000000
70166887290874535663332490498033344523200763922303 1000000000000000000
25455544123173133388317504773735156452079722397152 1000000000000000000
31515429790470015008322719922012648633537450897077 1000000000000000000
04336855227185547052452071043731118688119725220690 1000000000000000000
00171494006223966847134517798246112746741568998467 1000000000000000000
77373606055529636239224749647982909872417515003007 1000000000000000000
39896471134224812962291762697046769648474477584054 1000000000000000000
82303943523747514493026390451201997136516092715947 1000000000000000000
94600718121583358214615499818393599142769873232691 1000000000000000000
87246886113115571076267759851461037966908523929592 1000000000000000000
91139182490745867740826897686154658973858289097054 1000000000000000000
49964376275575383054709547092855687346373227863588 1000000000000000000
28970629622624149523345818583901198031028163116338 1000000000000000000
59380135696283662271481498411952460829728610634508 1000000000000000000
99912953774381393853923374171788956343669169156160 1000000000000000000
40009822757191516013199594438456866230998441930618 1000000000000000000
37295843535273159600061385682932778379689581120421 1000000000000000000
26577072243496104280135449179601505611415935918906 1000000000000000000
00979932434776951959983743423201776978908149140433 1000000000000000000
15159169218750930128747307490305778973276475554955 1000000000000000000
33074728692004640285495319436036296903223164189631 1000000000000000000
48726109858752921874540328114557151807091119437229 1000000000000000000
17447610004141062027709793456305583201634112140841 1000000000000000000
82333584183650444146938132056475594684322639528382 1000000000000000000
61720980954032269089446268503743868985805684319507 1000000000000000000
71421562638446006551769046792885842457960180087086 1000000000000000000
62897671240085986334529415908038521649426836649228 1000000000000000000
39256516247910196531373178083875208904933462852387 1000000000000000000
42993161995782764414257165842064957846007639742258 1000000000000000000
54020624569068265686398845429015947227249454102695 1000000000000000000
46686982283001820568171164756071859755777599952921 1000000000000000000
34139115086244575579519191397612740835244814970897 1000000000000000000
94854251094957863441977015263151168343828644985031 1000000000000000000
51301760070336232497372392689998447457256312779607 1000000000000000000
65859832050805953831700356220210417538141387719422 1000000000000000000
19568776737201533481802098167944893122316211115700 1000000000000000000
37214478061196129239414660049641743001067909650126 1000000000000000000
84966266443530424356702767848622396924352782710386 1000000000000000000
47621013882273905767134939872076043911342985261880 1000000000000000000
12894265356557947070272761449868313215779134909619 1000000000000000000
92442921839060006234938100441070922613580117914706 1000000000000000000
42748456606936444348492325353920421043067780881063 1000000000000000000
37366692427568785336011803762259467516063931691488 1000000000000000000
59290264008788276669492338547744446283457950940368 1000000000000000000
58296627933713962855915815096602996938566666796297 1000000000000000000
05617197863254590972078076244527243572498691041903 1000000000000000000
61769883682579728278856487597932676050118722495989 1000000000000000000
64111346683983766874957261453044720696773986568128 1000000000000000000
37179556662427824260921195925539221646242527204309 1000000000000000000
77921682701494117712724079701453183058295004454810 1000000000000000000
82223485687906511603733426943401286463295636087264 1000000000000000000
83945036227058862177182324783411988267150308902362 1000000000000000000
86552984863823992198227162426041447084963104256213 1000000000000000000
25519871433916298546664850582544810466384345182865 1000000000000000000
21852705770757400867816218178515791820508307112880 1000000000000000000
56753968075663433783598507682544492008425694497350 1000000000000000000
27303690802184394610311818902080333622080290433244 1000000000000000000
28913540554678098219979883929021248480419669941420 1000000000000000000
62962576877727188280718589929319470074539855346855 1000000000000000000
33624968892061432509719400138747436257508443422371 1000000000000000000
14337867412869632589608506853732721198302496999559 1000000000000000000
67122638957904547292725645771485564102508485519465 1000000000000000000
13295225585721562372678074068095008375791198593224 1000000000000000000
22095195117741990273532021742120741861753468682602 1000000000000000000
86369555734543433136589457404231375301224016990450 1000000000000000000
48589220268664676271758244450790665266688600939113 1000000000000000000
55579363176431856439692582655086981949350546690599 1000000000000000000
41251513780596309486500698565760109228525633743913 1000000000000000000
50570980641915619674217330840467356744545709962147 1000000000000000000
79263336594098988870259870364184911606661637044952 1000000000000000000
32083579552798571071537579920022042173608373995934 1000000000000000000
88218060781081582817892857955314340952864940315690 1000000000000000000
45755644358069532793613232120358359799772515080521 1000000000000000000
47581399710226698182520480374082627790378687108099 1000000000000000000
41713100583899282002180493737588413728090273706774 1000000000000000000
12721297425673813105074064919060900522894970146397 1000000000000000000
45842473654740607768132868703784892026257713646461 1000000000000000000
33593084310230839179423345438975764896760735634946 1000000000000000000
92447125409217538146356150837497114508951996342608 1000000000000000000
14273209382715686167164765598034178842461498441806 1000000000000000000
70289073941636940249906891227197698944650006820583 1000000000000000000
93144637921264753582099306727023942938143970427346 1000000000000000000
57204959927411827585724087173186540596522382692062 1000000000000000000
54137117123134866856110034909493290500877690120473 1000000000000000000
55862962208618469009987831777729386697136451924247 1000000000000000000
71684102186353599470982988186463378366924909474262 1000000000000000000
82554609801474056615991271457486493954866837946602 1000000000000000000
59018053684477975492087741467818832917364096337202 1000000000000000000
02062900006309290637530399932974511844149511528506 1000000000000000000
88865175883665768826152234028197005324746774112173 1000000000000000000
81139984571828996992561769548252017944621521709811 1000000000000000000
84694765398949239764523718494759652100807137413943 1000000000000000000
48554802315378532352383647946030622782547145327299 1000000000000000000
17930468723149569213309629112577125276284240088381 1000000000000000000
88340821668000443785937141669469980621490276618759 1000000000000000000
49388325692577792592405022749740183150242954732596 1000000000000000000
00717360724518335973316778696327334760322528407336 1000000000000000000
59931655231271371682935192136846502985197652193666 1000000000000000000
41357493182837100811464309417898706522147552212157 1000000000000000000
51129012751912938261855687187591607514001917576675 1000000000000000000
42417381118670209609033223423669131905189441966866 1000000000000000000
03590154658253580117333238521409589132729280948223 1000000000000000000
45550675884485548208424902981418766044771357614342 1000000000000000000
86083149533235171034698444957017880015007085303216 1000000000000000000
28358993146126826133116725017117236596118181504214 1000000000000000000
36011760473627967416948216771329933025125906267323 1000000000000000000
43125310979698068677576156836182270835465581661162 1000000000000000000
33052528414323348399039603748957963938116017458850 1000000000000000000
11503057963650736339941045613791172905317642017625 1000000000000000000
18556834936228641010172567848700473473666047699175 1000000000000000000
43532241538463213581035445090669418895342540409483 1000000000000000000
64419729092545213908798116502391034022938907910588 1000000000000000000
34243189018527476260319146542930565211811714966234 1000000000000000000
27824846860808368258082496521264733893495791867404 1000000000000000000
73754817974071215910918906667588663447055313816837 1000000000000000000
82480493426281380688421225434070299918537147210592 1000000000000000000
81504088825774535758752035985570386056856933907462 1000000000000000000
26919014363560444964879930080488625949221396071853 1000000000000000000
81525374533116194845488752282698911667562066526085 1000000000000000000
77415575256119926290423777811170950511831041251853 1000000000000000000
73925474505373061410404082842737826358380101872405 1000000000000000000
27161706966508038054360009457111601845152417419295 1000000000000000000
22407855478102714028218085871476083332974718224182 1000000000000000000
84975708780678946566245832321849432354947093041374 1000000000000000000
46539556751058264533556647340045532608340591773634 1000000000000000000
52198752160207244203176679864185208275539529209779 1000000000000000000
77517114547348524078706803228417174867238023388478 1000000000000000000
07322907516662199214422061971446377547177343465777 1000000000000000000
56728792911302386720266847154641395045090014394610 1000000000000000000
00935154647501732088067897541826147218665168631680 1000000000000000000
55475954952323416193352653404004679778020353545781 1000000000000000000
59800085340877980625140190937810999064235133300007 1000000000000000000
42421159570370913720818539042151329829134121010411 1000000000000000000
51434405799577269967508582795631801494078338780676 1000000000000000000
74261950644709558976630389615797175263191902680830 1000000000000000000
10060120037798726922671496971525197748573858246218 1000000000000000000
83485610341995698425214404912638123938086591313291 1000000000000000000
50611245801676087260846399132421991938373894918091 1000000000000000000
62188922951165041915411624995497756309980457350212 1000000000000000000
52255909264431455237217227317293959156161159018727 1000000000000000000
16578261249362467212456967130662072497366531523073 1000000000000000000
65234888002506646449101252616032999410289581409364 1000000000000000000
66416147331202231618239681949542611753583772739271 1000000000000000000
53255572793256196437421811871281479359288978899042 1000000000000000000
57795811103780888749754439580860339419969852675138 1000000000000000000
67629045455404905063463394400554588159945343256532 1000000000000000000
82117801646243148997617148430639982973173716296327 1000000000000000000
53011512501302781304632136020615150459782615690471 1000000000000000000
56739885984633072667695347738846067060059081283640 1000000000000000000
98095161992161941545360807680328299279080938541716 1000000000000000000
60392713914253380937488139719111099398403325224495 1000000000000000000
30372206253063076477789473538570830004363950979662 1000000000000000000
78673861344160861259463301892842178110656666203947 1000000000000000000
83866531199965114202106234139227782906495227050720 1000000000000000000
71201441974659422186555166115052023970760604508228 1000000000000000000
53731487074698699701235982006095155073801133807482 1000000000000000000
98144581638369483163652698117068291088165840517230 1000000000000000000
39196791524322809666416227480066478542175984789252 1000000000000000000
44181996814773151787983890603965430997069181257884 1000000000000000000
29265086996196655570479624365243559756750602405817 1000000000000000000
30558185305224630566061150786931379824502753471308 1000000000000000000
74481921653946831035827003428413490114964534030713 1000000000000000000
69989972962954304978448152926662616482664064325951 1000000000000000000
08010598411239938424519221669371430532513206419947 1000000000000000000
74510519885220708962719620719625349262999288759695 1000000000000000000
37668022735967095567291464520440447706871720506791 1000000000000000000
82950911136713166151967218136844495820899603045622 1000000000000000000
10899001195612952781041221731282619073170531862582 1000000000000000000
01497827537086388009337089777747879123139328006348 1000000000000000000
90929477113215756151641351158550141935139241374760 1000000000000000000
84938924566708009342499949699497739006938529098805 1000000000000000000
45623841014025322675076804640784554306567483941463 1000000000000000000
36085407194630675654307947299633212294348039368392 1000000000000000000
42401206080437256178814444427985543013942766260435 1000000000000000000
18823075027091319113526115152848235298470737505405 1000000000000000000
65683795225777823416033494089702555377421915405514 1000000000000000000
97105705015802033985643662127879086022912686979042 1000000000000000000
74295699596846132370660714151546798954155124712642 1000000000000000000
84905460219061160328703160205013209368147711952759 1000000000000000000
98908684530609051590591097817980595479912944656970 1000000000000000000
82184245859355541246862783798675479729378629560501 1000000000000000000
73356013935344857027631170654392842808945769908888 1000000000000000000
32789420414025207297495677842474385115797362626856 1000000000000000000
84134981729968425236901795660854138216637865783815 1000000000000000000
78948377623794874864110335331123865773084215452660 1000000000000000000
36583445752121982740954240727287980799257744538301 1000000000000000000
91961188059307488298223005657890337528351467084195 1000000000000000000
44630793681509925391916844511747376457875570631091 1000000000000000000
36134813699807739487239498316211823722408886916405 1000000000000000000
38091549942020630060167491768097769127692695923946 1000000000000000000
51597253748726573647122882217233849155811532201049 1000000000000000000
11843463020892175094676292293432454782041075402278 1000000000000000000
80481687266990263493241888220073562927338951668171 1000000000000000000
24096580029042655271637887323273818740710030531921 1000000000000000000
58293252808783821858577260616979106636901203134228 1000000000000000000
61351167446502354344333771772217922328144805887202 1000000000000000000
41161247533094691409274718758953593959912028676005 1000000000000000000
55382311310481064713868371498056785036864078360237 1000000000000000000
81274456454847562091332350492709316004633554231920 1000000000000000000
86633264831953878520018751612510824126844123943381 1000000000000000000
14964403810033978194430007137433621242067519637723 1000000000000000000
50544993963965948612338490577882389919341710938733 1000000000000000000
19355347409829194574532952802063163948654267963374 1000000000000000000
56085949696818103179631376212660622001170003571619 1000000000000000000
93633483839002201359846771950789527844935363439347 1000000000000000000
78342339715772729507063931215228315519235086854724 1000000000000000000
91409371062956705003786587848189224396051088759135 1000000000000000000
33387934857294701345842176344933144742349971525338 1000000000000000000
76395368699662476907460923107303637423444801342214 1000000000000000000
74020164563912374745941013096938159074820314861996 1000000000000000000
59572212379564994888220932472762961732981479788575 1000000000000000000
91301889316808690479115587851128931992340636056866 1000000000000000000
73711017528944464207846411079555908012161110232635 1000000000000000000
27058500622105941405017801414894258558543947510504 1000000000000000000
33889162193852056989270811931595086115217324983522 1000000000000000000
19899838182313709187834255945266590908947771363525 1000000000000000000
51413142562555598054995895591849201156754526261968 1000000000000000000
98242512397345572039959334225973743617512896965676 1000000000000000000
79386794532694416907581268379775701000963709022897 1000000000000000000
59620656369342300467987718417832197910285806860729 1000000000000000000
35045294732156580391433568073935678140001319999096 1000000000000000000
70544193112092421869067037161114733719014905809219 1000000000000000000
34443519694515307202284290418729122863944260140043 1000000000000000000
34834730457228497357727092919225715433748154462948 1000000000000000000
06449832480875302217828305834319906720417250293202 1000000000000000000
92103963176449316284292251449554727160775014178836 1000000000000000000
89883030138508145697194377736288303391139817506029 1000000000000000000
16002806597762519453309564271864041315227176670304 1000000000000000000
38288690226523098873554083581836965442398162013591 1000000000000000000
11917590798630610832746713637939517566848464604798 1000000000000000000
22182374760875045570021803610399896179908217174386 1000000000000000000
54040744811936778743849301473437844889244145375497 1000000000000000000
53529073325768602506389822321682527007702044911254 1000000000000000000
46074389640724291185563004879351273751900709912568 1000000000000000000
15388128854282582507168073786209732664468111429729 1000000000000000000
06857421943881071800774523388335629174420370283851 1000000000000000000
00139069340710459401784940200878596287815871054884 1000000000000000000
78179137943163530836859773243161582506914931074473 1000000000000000000
85670858798160818242509756848355792233624933716714 1000000000000000000
29641410829939351360012567380150547927629678999966 1000000000000000000
12313365885496443769263538371100744294143638656563 1000000000000000000
21136836268416685414033041837599366275689955102556 1000000000000000000
53202198720720914192252866183714624985700052190304 1000000000000000000
95768815385437361186616524522888113728990121304242 1000000000000000000
58491587377723798062498655255106558987807638069760 1000000000000000000
60435300803071275715481095986382427715847998557390 1000000000000000000
87878895665042335889209795562729263536597105422681 1000000000000000000
47496712034716892169233666173330218946610624550478 1000000000000000000
46996072257783665842041221614086714063957356231499 1000000000000000000
49146682293249185389215832750303581810144728209212 1000000000000000000
11023997551384050674071974886775495437994920381981 1000000000000000000
11153484070755880511644082184765522687639798432350 1000000000000000000
52339792172776574438804752413681204668941707150409 1000000000000000000
59837081583982354735872829417866418138683873406469 1000000000000000000
73253008924365491387878938024607639829372257702161 1000000000000000000
62098430569947598459776016045975600666419779461557 1000000000000000000
32044376161607791709552325315095876648116824445367 1000000000000000000
41246027678931375403762154674535110739163576177032 1000000000000000000
78444317863682885299659663749995438926894474239978 1000000000000000000
33585865102277756364423805602948149574206377214731 1000000000000000000
95906788868540332956291561584173675190722848160709 1000000000000000000
57434005435504774742513460693831296286057750674106 1000000000000000000
25654450334713143042653727166927606198540246842384 1000000000000000000
48885760513697492215628469700757871718364985346916 1000000000000000000
26558953228395732011495066669479621201033549349813 1000000000000000000
34215794726614839111895887102083617125977515521994 1000000000000000000
31349081730777159269656521976198228656929317971238 1000000000000000000
00640268852518175341412017378037319689837464645856 1000000000000000000
19147573680965153996662238781100041617122787708072 1000000000000000000
12969555879584579146483424805407029575791277822519 1000000000000000000
44736773540840306751505159324098828575621020707834 1000000000000000000
78703561244832619255709407088336384058591924073764 1000000000000000000
13827102280229055424244098923824500834477941229427 1000000000000000000
62039117652526564245981158212216539990228987451921 1000000000000000000
64043812519571431650276690114465767080441215524298 1000000000000000000
52560050265648986801908693576404023886785237504806 1000000000000000000
93327034477970839483734105012383276951402949715978 1000000000000000000
92058361816769090040637126703844274639629770227763 1000000000000000000
67740491816661321153241755301438022669094621713717 1000000000000000000
26517643355936156736526241311308696493184332029377 1000000000000000000
55032525207306181024440104544135156005016953268569 1000000000000000000
17679759909934864198358116071619610718610352085625 1000000000000000000
84482968157237986655380747299397579780936878525247 1000000000000000000
44962102185731109496671792024392455750875206096366 1000000000000000000
23684717077141517475922929580389560612541778934177 1000000000000000000
49762860759579346234214839894328116211623619535744 1000000000000000000
92509242671732367004418501849343595559303530622477 1000000000000000000
46531512945997090990763456708564768299470777261425 1000000000000000000
56800955998885221829563904730121578088835596545463 1000000000000000000
56595893735846366812523273576308245830407346510143 1000000000000000000
41221207276461539036019580343456495263574789495460 1000000000000000000
44971502157884911199968508595221161195606408973691 1000000000000000000
81867206955155178762915040231054734752982303085463 1000000000000000000
97661040235113594009023564470178043590853149801499 1000000000000000000
11941854082724668039345096721159728325090006129562 1000000000000000000
02490942203807884803682442531578515444365000177487 1000000000000000000
92996210468058806475585837716066505850172006269194 1000000000000000000
06122369629154802889009053497556449791900517983840 1000000000000000000
37783544744358189211326094680758307283534107097065 1000000000000000000
50439776763300245552167690825768837657711970570517 1000000000000000000
67065497797062995189092636464791374688260049987518 1000000000000000000
51514355499115161284111016648482138706992081639299 1000000000000000000
70083066014476049014856626721226798232714185748574 1000000000000000000
90750807236871466454971070432471020490164871601766 1000000000000000000
15829979057513563765953684896023444445276819569714 1000000000000000000
19951597970868211377935802886699143081203902719754 1000000000000000000
28217915944518051385206342869049634325756274662189 1000000000000000000
96806266754033298693035812223257452832633582612843 1000000000000000000
73605786325826721225745561078546092150944146836157 1000000000000000000
71299943057219885373424235914489143812524283810156 1000000000000000000
37517507522061263009438291703682637878186882566632 1000000000000000000
44139167625258973726928876157232358649634567596376 1000000000000000000
83153852793454752692710535053510935965839743778690 1000000000000000000
62042233687044885170822298486097066989488951329401 1000000000000000000
45774829756345700892455956288559085955090009423370 1000000000000000000
50021612318620233642994838520461928904605801834132 1000000000000000000
86156445096185205610765965785997412186343774370686 1000000000000000000
98467428355443834782843064127796213694165500148710 1000000000000000000
39355533915086881388816175896989939577955307278370 1000000000000000000
54919998685416013614564786211079643467376345746088 1000000000000000000
03983692681823210378199110675609269986434504847886 1000000000000000000
63576177691938772658635950963704683929733298653371 1000000000000000000
32982756293010286912915832136325329231638982968772 1000000000000000000
60558987142915555561825622844720155772456007639228 1000000000000000000
89279150747905500001538104036742081432085582772034 1000000000000000000
48369351214515415840893698508604948996821204478084 1000000000000000000
63986355962307560769957974953416799917628236386065 1000000000000000000
38652920956976827277449666542124428552091095418828 1000000000000000000
43239191485416059782231705423396139334260123398919 1000000000000000000
88301044231898226441313576202668885341455457769206 1000000000000000000
22902675606467872777409081659521863419015935780433 1000000000000000000
20030784065914827657035776091125779631148510598842 1000000000000000000
06533303919847991076074496363087041096295113819518 1000000000000000000
40896444160077862482545505889284431874305075301091 1000000000000000000
91781339879583823986250672470729809792721407559874 1000000000000000000
14649000873080367963162906585789419763676589504308 1000000000000000000
06631118258149483840770992986711986225948355138953 1000000000000000000
15176776440788555329063732054069164357962000524185 1000000000000000000
34018762482089505686585354618752626001092792518027 1000000000000000000
17040809432639239335629002527436527393922404392672 1000000000000000000
72142994617797674797028435915208595142838677334777 1000000000000000000
03937520326192804730824508101180489588726547508673 1000000000000000000
78898325069305199535612412047505120688070100257970 1000000000000000000
63854412070182217458229390898028867358536363656410 1000000000000000000
81806887987913965602180012265580313805331028821146 1000000000000000000
86453431474634866348742562546985053641965905778195 1000000000000000000
44322471558610794039850951482092845016310577227810 1000000000000000000
03221905614626402019024902722014031803538267435696 1000000000000000000
35627772135334288068441297456917133936721843172354 1000000000000000000
49293448533170438669909825388819022948181551236435 1000000000000000000
90587967213595036137738966057900297228822163727140 1000000000000000000
11222041022444451341276053358734344991214407805368 1000000000000000000
86101245673180016596775243027315961702831925383195 1000000000000000000
93469383534993842583300320639479179421636744456444 1000000000000000000
63005900854809372154477457098458782331026412834374 1000000000000000000
72384600478377760754036887569993752019594716732516 1000000000000000000
59348735538671337477199263403906928413767865555995 1000000000000000000
95331396812582863203193812959116151564445281159747 1000000000000000000
53515250070306685566008827110745681044993830543412 1000000000000000000
58245642981584020292654603978547560216634714016936 1000000000000000000
69416300695650528592966215436785179671169246073260 1000000000000000000
72837850100493129018352182878537579960936258949229 1000000000000000000
80410942277882828518825206795708068758224969468281 1000000000000000000
96528158710986545632362535365736312445877403016569 1000000000000000000
84470069789504747266272015277258067277433885839117 1000000000000000000
23021628146327776900873529028885820725692860480013 1000000000000000000
93592664787778140583185540627930317475696569538239 1000000000000000000
36954801404054910109940757015623731687199244993332 1000000000000000000
70437256456255536602581460233188061616328321258416 1000000000000000000
68808580186682406673131302024216500786548987920340 1000000000000000000
36500529473499769011215470201549412162220841688475 1000000000000000000
91596633405061580167309889435557520245092389428421 1000000000000000000
30243410629295161665213295215019367880398517973973 1000000000000000000
87210164769627094216710516238797526171808272689563 1000000000000000000
14609910161857497231462139817504417864328743447057 1000000000000000000
97415490184409263854040262644344118314479763448555 1000000000000000000
89995565553229514254812524743723600378311010510235 1000000000000000000
91605837473126813834032978360141265896307827836151 1000000000000000000
46056732139941374247284655459035979581897332760923 1000000000000000000
63548551625496416049956668773708207047223661089853 1000000000000000000
55804264515110874984236831888534587096689671585985 1000000000000000000
06065356370246296153256252654624139443430422496089 1000000000000000000
61919874753695679320406626217747624829770180339169 1000000000000000000
69600846981181859639230340016698475281746297506523 1000000000000000000
69702161534612446605835119269399853606048543275810 1000000000000000000
69576833992617890405854586828860331257006633573448 1000000000000000000
32764624277937616212365267921145614409311347385869 1000000000000000000
96031012064622791364499264198919122550945977994543 1000000000000000000
78754405956253448418988907462140270093213501870368 1000000000000000000
66555841343682752079588587125304916192876120616307 1000000000000000000
78527913456665089022494183462862652240397001153189 1000000000000000000
88641204162963105970635587220795174760323580535075 1000000000000000000
99383503538868311081006727092522595332023460682229 1000000000000000000
66016392918705547241292463825423333499204148472664 1000000000000000000
27312815396119053492784094184411952050467361716519 1000000000000000000
39686915525015141998594203337350406988526469098558 1000000000000000000
01827327721347298543158748986901327301264356309186 1000000000000000000
57703993408889033368243096684925698614365122934273 1000000000000000000
54598009386159791888095406951671724511771813072784 1000000000000000000
13231018027046270639685913374239737970857082710916 1000000000000000000
29589354092774400525180344663016467694798120911916 1000000000000000000
68951851972754964407833049926789506256012899131503 1000000000000000000
83722531371642076416384054212614068066422910430489 1000000000000000000
98044248005413567890779994481771422900623007844214 1000000000000000000
97252391407648666719997983390133070134137048763923 1000000000000000000
79716187374832610873808904659014642225062175335441 1000000000000000000
12911790340186223389848872069387594726481100391100 1000000000000000000
64794685323494703881511708065506705207556449466036 1000000000000000000
26483124531782636232031844705050882173903513665969 1000000000000000000
45415290030255392461731325244051596127446551351304 1000000000000000000
14097788276658872233888475844472083885953878148903 1000000000000000000
34518194575496291280502918539572127789500397055539 1000000000000000000
97225869079348631054358658799015968238287708131321 1000000000000000000
22295023184637698872790843617941703712310920978144 1000000000000000000
50261098610439804555312995090972543730249642410518 1000000000000000000
25871007726555555942966607056410837530506393402631 1000000000000000000
04902398338177194542454832213171117009335606196178 1000000000000000000
91261844552290963990457798520631028417051402952551 1000000000000000000
82531844823518786459915040641846662928581410569690 1000000000000000000
89369186552274124351242867169190367461808246035248 1000000000000000000
69819343043766443422156086533726918859579457031953 1000000000000000000
77702042713661762932198505980365366184652125977340 1000000000000000000
78790717726850098247140674425838070430287968838518 1000000000000000000
98753504385322050318851746684196552632580208149386 1000000000000000000
75985136040196202847142990284365617547524258104572 1000000000000000000
59972344414925051170670675031112627100984950973369 1000000000000000000
01686624025770223245330939238673409937299935910123 1000000000000000000
18790238514829159580545056864749781292224608107372 1000000000000000000
95382463576060149309242553837054721664704151304245 1000000000000000000
77526080800490825480219042815831644007666273096267 1000000000000000000
88901430633501008663304329361841730842684238198757 1000000000000000000
75242958851056848407183707996052073355850801107160 1000000000000000000
95727220904897772644465595670015109747795795815205 1000000000000000000
56641348435216294177673407890160110203848358655980 1000000000000000000
03634877952821666003994176342052011807446949616656 1000000000000000000
31373314072883035441888513370821241558094702518275 1000000000000000000
11253855603778510281567163916392142875295408175212 1000000000000000000
68231123311649016272315358402465125086343028195277 1000000000000000000
66928043430156128287393555813745470127523523697741 1000000000000000000
96858621719455316087935132035422232263673928439061 1000000000000000000
54760228272202323224185892640455543290536105915475 1000000000000000000
74629318810959633407867754633893006330214652030300 1000000000000000000
70732637955058016903478903239034335653092411208976 1000000000000000000
59609983987941919204605406347668621709503354003356 1000000000000000000
53085125033108943791941012716188312411503704101163 1000000000000000000
85313754704708131108301570387357022139265494757336 1000000000000000000
20016108155893816007100270286585574931627077496609 1000000000000000000
57645469816888088232424907460340655571232932119464 1000000000000000000
93267282295148167015022295599559666762949081573717 1000000000000000000
88844409378122119090907875655419656083045149596758 1000000000000000000
92660963947313893037224430454759574773604239016683 1000000000000000000
48068094584985956811524983572694351759251063973679 1000000000000000000
26842691441877109937903506992114436141096047286928 1000000000000000000
40409339962326265861901712008395260524866683336352 1000000000000000000
76995974697374663771332054361212207090269819708275 1000000000000000000
82619107024489181948250260325388945306258238496309 1000000000000000000
36895650523568535736262384102005161169431624112357 1000000000000000000
30316403418999179954964369228600385632876340450343 1000000000000000000
10903635743445394985663067804268331063737517949859 1000000000000000000
71471411510499955146511948618503833398411269323366 1000000000000000000
40751179510463890907757567576168689372077376656453 1000000000000000000
03206397131491406070289957022345908545257969548277 1000000000000000000
21669843494421492035922546073506986972087499866809 1000000000000000000
69031537862582428137686205213044220264788870894702 1000000000000000000
08535537823298454145808452418133767245275634283040 1000000000000000000
18662847244586358303034304526398185733614262162733 1000000000000000000
98931947430350316721713982790303490687784035294912 1000000000000000000
78744031574005416184056727732165114673467004092189 1000000000000000000
81404819941086573333131037847078629243800518245502 1000000000000000000
74758726600062091055656647641505347568169360823894 1000000000000000000
43844824525959783791895912345808134977403227937539 1000000000000000000
13596658971441342945828714976820825200977004946093 1000000000000000000
42852127459741265632968783696389429032863822786907 1000000000000000000
74036033266515532650754169738561551370983296243291 1000000000000000000
31311401097293942808293530091384771509636505202538 1000000000000000000
74233220401341390989878730945856383188728959026172 1000000000000000000
09862740784953138769118525023680079672749895535149 1000000000000000000
75651557326755536731321875763091202645455086850093 1000000000000000000
08103994450898482255146033603076490070704199574313 1000000000000000000
10574775684916538781110321825939459614996411781138 1000000000000000000
90189977888169445059815070343329720141763944374284 1000000000000000000
54759238903771809361188978121162744181384506512873 1000000000000000000
02732971889992947400875877076689195492182949492409 1000000000000000000
51036304536789582579002054217949137869739994690721 1000000000000000000
98037694928542501541499023681703097514431670865426 1000000000000000000
05070376174775022362642397405208416158260147235264 1000000000000000000
14600117384964014760407620248096367997782779669036 1000000000000000000
00784464829071032521047268804921209246899815582029 1000000000000000000
52473762157650088126721511092188669988596816078660 1000000000000000000
85886452237578430222153793755351237112113963154906 1000000000000000000
57655099797822292354476545960222378990709761745620 1000000000000000000
61938167944461003390961105102132834794971352691220 1000000000000000000
52672671102521845371542300896759309055373771206995 1000000000000000000
58071111551444694148917155053272455088242591049344 1000000000000000000
15730456340275633834035053678884552267318652725906 1000000000000000000
73404595274648233119606686628548502502857129262902 1000000000000000000
72373602712704101143830855673316200396850952705731 1000000000000000000
05105323701646263475207577538321139862802306668510 1000000000000000000
18853890143714932279989038422101453075217102170763 1000000000000000000
96299521685479536310251796087846127495213301124879 1000000000000000000
57528273473124725555186497535641284156769754464609 1000000000000000000
71733700045080720565547020732687948967483853668811 1000000000000000000
13056475659513048443149877471256562515351046177376 1000000000000000000
91158036283195571969657543626926990266487923097402 1000000000000000000
52742021716237412461635530225080590624068006148210 1000000000000000000
01814531104759723764269304005583545567496079349075 1000000000000000000
18455900086439822553698126709618205317443554933527 1000000000000000000
72613996874812556873359396950762977918392750870357 1000000000000000000
25624612774311404315727960261674329977507055500722 1000000000000000000
41739825761807845521750574871763643904902995257113 1000000000000000000
48532827596058760403138013154399068631666526548278 1000000000000000000
54339131996217669495730175696007060374076060356113 1000000000000000000
85614615531759810586985244428561494286541774943155 1000000000000000000
42632919715245031265310093118706144070190005438633 1000000000000000000
78470300709404043758644079405959221626823106693771 1000000000000000000
35055130100214540457520121336062531253503775054778 1000000000000000000
96083586866760827844362323942214220821042403352036 1000000000000000000
28378461223471747514437426059598319152713845343056 1000000000000000000
31390034521480640654591844976357380319566703493357 1000000000000000000
18286425460702917045298200525071750564563024603260 1000000000000000000
48138844798084495677242757568845827246444660029085 1000000000000000000
92649637425620078990006210082239223096212400486109 1000000000000000000
56158495471391975462539367873770416126065335790399 1000000000000000000
09013930950170683424793229122194144731314334691975 1000000000000000000
73606781544127748648965635571817496103162964974163 1000000000000000000
06413062229555747532704249247908952363451177361017 1000000000000000000
58651050145950859346001073353789327557491267016465 1000000000000000000
48301982077742722445743164371862331213707075100908 1000000000000000000
89825865273916376631452730698462668214326474772327 1000000000000000000
29826024595922621644132142519494779731575490219373 1000000000000000000
63490045205395247975242286698208039125178823104359 1000000000000000000
95652806369803192114835289127429857934882005928383 1000000000000000000
20484410953195361518847743206385149603586729404627 1000000000000000000
05397799510224625759273027583927726877005139038976 1000000000000000000
54486891296096477717833070312926728213088302832120 1000000000000000000
36495223000665879530928604987710483555139061174539 1000000000000000000
91478424773016076444636099013339552676768745787792 1000000000000000000
77032601472578358238380647767671052021353460380945 1000000000000000000
47253118850834794808855116219341160633071024544541 1000000000000000000
27255835328513511727366768390714565409314468267694 1000000000000000000
16747025686240124701267975980812494124510598501880 1000000000000000000
53149552577252994302454435010810859631184576323895 1000000000000000000
20725427029679293092880466075072688986388475053246 1000000000000000000
50442670191061739566260757231349473816090661344653 1000000000000000000
88606664925032941806344853277777134085621767252465 1000000000000000000
78925788046206786114915869655542235971953262050182 1000000000000000000
42210991975860543765641292947493202182058717451781 1000000000000000000
05244894212020705056015954217663714841407046985710 1000000000000000000
22540382175290064813417204453973221442242176517156 1000000000000000000
24106044112414117067723642460079704924093401033987 1000000000000000000
04680856490820931275407873753088884945458305476798 1000000000000000000
78150524676134765229002485726344010620501163066635 1000000000000000000
04538675987968726433517951433896129191201150364336 1000000000000000000
63599403354844783245515886370952755874497065228824 1000000000000000000
58694459482971717516171748787356175306469945531946 1000000000000000000
85122745365491867637666868625175569386670707758090 1000000000000000000
94528605179021005010516020408476623699764387113043 1000000000000000000
20850181897420856826211043655571477542156124260306 1000000000000000000
08442644494921196344696233590175693646722496933688 1000000000000000000
52076265222062193423885119905749800815716136758594 1000000000000000000
99227684757640945581764787357895766748247902480736 1000000000000000000
36376854081848479877169998970019933782176059411953 1000000000000000000
35902804812595442586955330862068616852505466720728 1000000000000000000
57137114778691664300578288042510481762342928696288 1000000000000000000
32100354975947731779636107030577181988080393645088 1000000000000000000
24140984627516751807545629818393626640866262257080 1000000000000000000
27257986934148132397322196975572144230998957077543 1000000000000000000
20413480934124880152304913131369314799688811509508 1000000000000000000
28739585146664445869402828336958483785548575060255 1000000000000000000
42070337728872983174216526959871570084351703042827 1000000000000000000
83585955087290954179741046742730497060664269697514 1000000000000000000
85934040577806269519207568922646375497334275274233 1000000000000000000
13045931854588238104272701307442848033461730380509 1000000000000000000
94172823123006827990754326734089919854351927134829 1000000000000000000
84954918530571536318818320503958231921144068587468 1000000000000000000
20332755438766149292100157833643960496766454719276 1000000000000000000
13535987916790534756948845596395443566569575783003 1000000000000000000
61978674112726974298825007640368495144389543950122 1000000000000000000
17478656305844042673322720094993335712329514948074 1000000000000000000
27985092086133981030350280246483724607936681433321 1000000000000000000
68762770397668337792464724892045855082488100377968 1000000000000000000
66668779667330086111736811311871889798106903649991 1000000000000000000
13780608537402483353655873805181015541050577286431 1000000000000000000
46616321742392133435861389057218241931677150185676 1000000000000000000
35482276482588191162467857732764017475271250593514 1000000000000000000
64370949368816963464601885005090631448009509605908 1000000000000000000
85914795759803638250238994390425083162766383940891 1000000000000000000
47729752766956881510728934209753763941827110317065 1000000000000000000
35738105557465588153307434953196130323177304449697 1000000000000000000
74537482388900531010088306811191736384183036170203 1000000000000000000
43428812615642148250032455684894782390549900419574 1000000000000000000
64361972683723275973780839858571019129000424011578 1000000000000000000
44195085471121369270988149053769508064759421051354 1000000000000000000
57125025271578837244778073099617714292433811828163 1000000000000000000
42765292922225543547230368876917097760177622988467 1000000000000000000
28453013372059685842302974400334971663445002516587 1000000000000000000
63939582699790962932374633747801884952057200979412 1000000000000000000
16398511736807817060705741971897348532843448751121 1000000000000000000
10511906211873180321888752456177809440810943568995 1000000000000000000
75593839055611790209039295191714145832338463127170 1000000000000000000
57895784730045707688007185593252653128656334561173 1000000000000000000
69857940793014066729953223695502895160858475838352 1000000000000000000
65332921614877648798641261201241064369099909661554 1000000000000000000
52550457294440830714697994522693886939438842833375 1000000000000000000
76734930361473079517910034414342626026292884984821 1000000000000000000
76743608119813093159416002316188791360127193227708 1000000000000000000
26269558089087517430874665050272558238627360830038 1000000000000000000
89623244833952799169478790617064006493226918967900 1000000000000000000
96249586986270814370781380529951265525669612480443 1000000000000000000
86684826849507046329059059920013795110429374596809 1000000000000000000
28832638371281936281980005334857996800511242124333 1000000000000000000
73059196930773541671781331781614509423499514702063 1000000000000000000
58665527272537522186098079943511655821644531159230 1000000000000000000
80851568279925232833456835236478456522849101825356 1000000000000000000
89673014422671598152944842944419131672761897386648 1000000000000000000
12543443472796983606602168645754609816682099193184 1000000000000000000
39008403520662245528939954321819383861271953153266 1000000000000000000
65627331221899530117627851931393545889083469865462 1000000000000000000
83860411126061750667632699091773612663137753966802 1000000000000000000
55131468619150991983201727981860946171949483606426 1000000000000000000
03197045209509306737795633087234902920614525008494 1000000000000000000
79528026980110543396213720976537367537998841890944 1000000000000000000
99233882791219484539309540696402254401898486813788 1000000000000000000
98378064931108249153506802864358073109927995060644 1000000000000000000
42219895305005315685946717172704823335330456453080 1000000000000000000
46253077353590862119367453780491546887176494344543 1000000000000000000
62913698971667987190208643566535884459727647000574 1000000000000000000
52791549745878793410630851517158730413102970868784 1000000000000000000
33334990365670772517982295813356294113171065988121 1000000000000000000
17969545317758955282338547628208213551342279398818 1000000000000000000
26986973327747042783113250305333978478540950253126 1000000000000000000
25931635513754381032270643791277231858660052167387 1000000000000000000
49951884808813274799919317272457604475809343885436 1000000000000000000
12490578330090693315069781680987857735690718312514 1000000000000000000
63406224049477301178395186532173335040984546378962 1000000000000000000
00251409929357000734397782817500875757366869551978 1000000000000000000
97222410555395309018731839832495890773527628107192 1000000000000000000
33788122336137501747643360666353638923610685720112 1000000000000000000
74892097311713332350218786566016789811343737624395 1000000000000000000
15243236393230902579450641363367330839552554815555 1000000000000000000
85374220281644661681695688602513878547855211438682 1000000000000000000
45902586959699038562763078303611357320193085352241 1000000000000000000
55514959054319463093662913989981282358470885447808 1000000000000000000
39370980348608967279511418622112358409826999194082 1000000000000000000
41011831496876810401261761806287849114057186261621 1000000000000000000
94294015164821485025068363538842341542114463447556 1000000000000000000
26106183813738690480559008292376157608355520460773 1000000000000000000
04827659378011203133867426599688850177136207428101 1000000000000000000
34933703687624153241069452189966979999073258521284 1000000000000000000
24882833400169100787529198360833149002235959637444 1000000000000000000
02507147408779633567359120862228722339032571335193 1000000000000000000
40555220901812790642707273325502298631074861486619 1000000000000000000
86750771901900566037057394980592576734523592159805 1000000000000000000
86826515698118162352408831077355549400381427748565 1000000000000000000
04357428376812044809163967184143646715535192629150 1000000000000000000
07811215654997949887635150743763424790047107941968 1000000000000000000
43985213545069509678940833454420240833806233666828 1000000000000000000
64358912447300046722842170085989562139451202219589 1000000000000000000
53972428452710054491241968576252058327101904776444 1000000000000000000
66971146481875770739402141751136215398085822245373 1000000000000000000
24963789081102113602482317906856569746993094918691 1000000000000000000
03812514426617615600107128269717187039902095366193 1000000000000000000
65419994330281372371230838890812221720513425566794 1000000000000000000
24640944974102243283719883072494287121306902549642 1000000000000000000
22667325030010310254937559686266406749518244964318 1000000000000000000
72401101903881446144468435725274914475735348137267 1000000000000000000
78742492753072858174673261540246418365270018943566 1000000000000000000
39829340075871283119689956115335058054856501652230 1000000000000000000
88318255927204566108455222785756993700950721544465 1000000000000000000
33391661970576985380623884647672842724054463664817 1000000000000000000
40981493847486907373150991646288221380488483323185 1000000000000000000
35132766731628158328182776408966026317178090177225 1000000000000000000
60184091223243977035082707552543077999226778062970 1000000000000000000
81096818268440945311662249547869820286016214576334 1000000000000000000
88128925701023114602086076523089043817476634903698 1000000000000000000
82140050956686322400367473725197115132380082985303 1000000000000000000
74369899047585212877257694327009896987677253467020 1000000000000000000
22893498440670033686716749591854511570814060527432 1000000000000000000
49839056726985131499888039250365991857267087369366 1000000000000000000
68153101330205569114099015841785538136539951694896 1000000000000000000
51169895213902849024510053101935711442472359683996 1000000000000000000
79332227367319631555348920773796431481434524279563 1000000000000000000
09453017598177891186107203558865847662884485378548 1000000000000000000
15985944237512925639286836224255875747948210113515 1000000000000000000
20453557630049732101933775890517336117845510594166 1000000000000000000
29417217296943194495735239536596559815046675443188 1000000000000000000
98006026840266363263004802777331280228200060846385 1000000000000000000
01918415350320154667905102963448394792882728756228 1000000000000000000
81503035199707216046072675549225729388263649516821 1000000000000000000
11074412342568875696948909563978440128033445911721 1000000000000000000
12680703463468433546635483442776868196571163092097 1000000000000000000
14205768194286203706761709110801072102369935114338 1000000000000000000
47057231207654787333091935538047357665695874753195 1000000000000000000
06345726589120949378730566395508414014005424187923 1000000000000000000
93668005109257275965705954427422472163929836354553 1000000000000000000
08834464688747876689135276322511399703227653712949 1000000000000000000
03354689346260723573053969519669171651509638480813 1000000000000000000
77437877407175497840417749938017098643106718439326 1000000000000000000
51600791288450435164147351997015163738987483670251 1000000000000000000
95913630444987929743569196406826213584260562145575 1000000000000000000
84146981339384738852504600932107863821341103331058 1000000000000000000
55480914936253429054418132571888815323165558826069 1000000000000000000
18974104765134469639880697956878039125464392120515 1000000000000000000
05952180087103727380442629195516193337056088698002 1000000000000000000
33637717989677965204054519278989882085219106692962 1000000000000000000
47498730611534336593512358770637800510648195490156 1000000000000000000
31773256078175075950034527956305993046051871432100 1000000000000000000
23711264389347161199403015772592269407952879355970 1000000000000000000
17837543243554976270604384942827703859575385099031 1000000000000000000
96377367903021179052323430045420939996521985845466 1000000000000000000
64497305343022355503688879546576768472889032577017 1000000000000000000
18155793818796420118832905151693665765448389057797 1000000000000000000
26611919156716619713488251481501987702224910834154 1000000000000000000
11973532835241255537275641524698077535463090430668 1000000000000000000
12758586898067772268717257545554123898202359023272 1000000000000000000
50550463111493382421604912567518187676953079526681 1000000000000000000
69268907776364400230299323828013272121076554064552 1000000000000000000
45921361357664653204706394692690235829745385997720 1000000000000000000
99744846220966653595564688624610601962803174279299 1000000000000000000
41871648271195179577052608847436520483216344375586 1000000000000000000
20229251338348394737834597797733163168441999385681 1000000000000000000
79255919555908408022066472489924707368547255180313 1000000000000000000
63485282745310724438562022257029830753459349272477 1000000000000000000
87457785252287888263023857378806188143920823151516 1000000000000000000
28963765461087561820396045665147293501528945275895 1000000000000000000
82895777432895388767594884483869060968060260097595 1000000000000000000
97388237564028860711301551258318695340985748844801 1000000000000000000
21904759363328894572460579601972261088946903431421 1000000000000000000
04244888580279721694254046405713309891231517229373 1000000000000000000
91040522917049736890660275692502133777837522408413 1000000000000000000
36623536778229122985896960550768924694125395624719 1000000000000000000
25589910304347546218193522527495774899827539070837 1000000000000000000
92391930664653597206408355645565764800592478343460 1000000000000000000
23730363320892181181778470112786605471249623968540 1000000000000000000
04921742400181511761326772011622337498651836465787 1000000000000000000
