295 298 299
1 160 44 231 186
3 97 49 184 293
3 280 1 122 47
1 249 151 284 203
1 92 10 199 42
1 147 218 285 258
3 70 192 210 12
1 43 163 143 214
1 74 265 208 288
3 196 289 43 274
1 214 219 281 238
3 113 291 119 60
1 8 175 23 246
1 166 242 203 252
1 234 40 243 152
1 15 8 80 59
3 89 239 291 65
3 164 18 156 131
3 60 246 83 224
1 122 20 130 32
1 15 84 113 150
1 20 16 73 32
1 213 246 237 249
1 34 183 41 246
1 250 20 280 94
3 216 207 43 177
3 168 286 244 221
1 52 179 96 212
1 172 45 226 178
1 138 23 163 30
3 145 253 33 209
1 3 52 3 285
3 267 201 21 57
1 34 85 84 142
1 236 74 240 84
1 20 88 30 145
1 255 43 278 82
3 95 129 138 266
1 144 279 200 286
1 175 113 188 175
1 251 163 283 194
3 212 24 75 26
3 175 81 280 77
1 258 45 273 81
1 92 81 141 82
3 261 275 261 134
1 7 291 61 292
3 97 15 279 223
3 33 280 27 234
1 164 189 199 215
1 272 200 280 202
3 234 101 1 56
1 14 176 22 225
1 146 61 154 90
3 12 23 63 166
3 37 36 25 131
3 243 154 223 284
3 163 107 242 123
2 52 179 96 212
1 241 105 242 131
3 195 48 216 141
1 98 97 112 141
3 86 197 229 76
1 109 241 120 260
2 258 45 273 81
1 116 88 120 128
2 250 20 280 94
1 256 172 282 176
1 24 93 27 101
1 123 266 166 274
3 187 101 221 157
3 38 29 169 6
1 239 240 244 253
1 217 260 229 289
1 203 205 285 216
3 180 43 169 99
1 18 185 19 218
1 167 260 208 262
3 248 196 284 250
1 168 243 183 247
3 194 147 223 271
1 11 104 13 163
1 210 208 258 214
1 212 251 227 255
1 231 280 278 293
1 36 152 153 158
3 86 229 181 297
3 280 211 247 131
1 149 228 157 249
1 91 154 150 156
3 87 197 122 179
2 149 228 157 249
1 122 87 141 114
2 20 88 30 145
1 162 130 163 176
1 51 164 139 197
1 7 8 9 163
3 82 195 195 257
3 67 72 16 155
3 16 276 2 295
1 89 85 94 129
1 193 280 195 282
1 130 1 288 6
3 19 127 139 99
1 23 105 29 124
1 47 89 62 114
1 166 46 169 147
3 250 131 166 177
1 122 220 136 260
2 138 23 163 30
3 233 46 149 263
1 112 245 118 254
1 147 176 158 207
2 144 279 200 286
1 217 221 245 236
1 93 17 94 21
2 130 1 288 6
1 205 72 217 103
3 169 166 31 8
1 56 248 102 258
1 256 49 277 80
3 111 285 281 170
1 25 155 32 228
1 220 71 225 113
3 39 12 60 259
3 31 267 177 233
1 197 127 204 156
1 150 273 152 273
2 205 72 217 103
1 126 286 144 286
1 54 103 58 112
1 63 279 70 297
1 211 211 223 212
1 38 17 67 22
1 43 216 75 232
1 181 17 192 25
3 108 254 262 57
1 36 96 36 141
2 213 246 237 249
1 142 11 166 36
2 54 103 58 112
3 36 228 152 153
1 98 5 113 8
2 89 85 94 129
1 214 1 224 11
3 72 228 188 233
1 109 155 140 155
3 182 262 136 283
1 89 44 134 73
2 7 291 61 292
1 270 166 274 168
3 238 163 219 248
3 94 60 167 220
3 7 200 3 114
3 117 141 228 203
3 126 136 39 55
1 138 133 141 146
1 8 14 8 119
2 63 279 70 297
3 160 93 29 114
1 31 67 69 75
1 8 131 8 161
1 108 46 126 59
3 57 57 121 142
2 43 163 143 214
1 148 3 211 7
3 239 119 14 290
1 35 293 205 298
1 285 67 291 138
2 24 93 27 101
3 102 261 250 246
1 190 66 194 166
1 121 146 129 148
1 86 220 107 237
1 66 246 81 246
1 202 15 211 36
1 280 7 283 90
3 2 21 69 178
3 92 91 148 205
1 161 85 161 119
1 112 57 124 58
1 49 116 75 141
1 238 49 240 68
2 210 208 258 214
1 205 270 207 280
3 88 151 237 205
1 210 266 212 286
2 147 218 285 258
2 93 17 94 21
1 37 218 38 238
1 102 165 137 182
2 43 216 75 232
2 116 88 120 128
1 227 282 228 283
1 248 254 282 263
3 26 230 97 217
1 293 45 294 254
1 225 228 244 231
1 259 54 265 59
1 37 240 37 241
1 266 257 280 262
1 66 221 78 224
1 179 273 192 276
3 256 194 35 283
3 44 237 184 26
1 236 112 238 119
1 93 20 111 25
3 170 268 167 272
1 146 12 160 27
1 255 206 282 215
1 238 132 240 144
3 5 46 250 266
1 181 118 182 154
3 286 180 66 169
1 198 278 201 279
3 69 185 158 82
1 22 17 31 29
1 15 3 50 6
1 123 224 131 257
1 51 212 54 254
3 31 4 65 79
1 212 38 230 39
3 12 286 148 138
3 129 100 74 150
2 198 278 201 279
3 270 67 128 202
1 105 171 112 181
1 110 21 110 24
2 146 61 154 90
1 237 295 295 297
3 68 247 254 69
3 178 239 170 275
1 201 181 226 185
1 35 257 49 271
3 62 216 76 233
1 77 200 143 207
1 181 47 189 61
3 118 184 160 70
1 93 92 110 93
1 161 257 174 258
2 14 176 22 225
1 233 281 277 282
3 6 37 244 94
1 233 170 242 195
1 127 227 130 255
3 88 246 48 80
3 166 184 104 61
1 134 122 136 147
1 256 229 271 236
1 25 79 82 80
3 147 224 293 245
3 204 139 138 158
1 25 85 30 100
3 55 146 32 245
3 24 130 8 50
1 212 53 218 152
1 236 102 239 107
2 92 81 141 82
2 233 170 242 195
1 234 162 242 194
3 55 38 250 295
1 245 53 247 112
1 173 278 190 286
3 135 91 14 249
1 246 2 251 34
1 233 292 246 292
1 99 184 131 193
1 238 271 268 277
1 256 7 264 34
2 237 295 295 297
2 25 155 32 228
3 13 132 295 81
2 161 85 161 119
1 209 99 210 141
1 10 164 10 171
3 255 168 182 253
1 231 254 232 267
1 61 263 64 273
1 229 46 229 171
1 218 222 241 224
3 6 23 224 262
1 287 191 290 278
1 245 262 245 267
1 177 254 199 256
1 24 42 73 57
1 87 249 100 256
3 214 142 55 127
3 102 55 109 215
1 96 272 112 273
3 162 88 35 42
1 178 63 179 110
1 208 161 221 175
2 51 212 54 254
3 249 20 267 286
3 138 20 190 152
1 43 218 45 246
3 214 100 173 277
1 5 60 5 184
3 272 197 57 231
