1000 1000
1 7 1
2 10 1
3 3 1
4 6 1
5 10 1
6 2 1
7 7 1
8 4 1
9 5 1
10 3 1
11 8 1
12 7 1
13 5 1
14 6 1
15 8 1
16 5 1
17 6 1
18 6 1
19 1 1
20 2 1
21 4 1
22 10 1
23 3 1
24 4 1
25 2 1
26 5 1
27 2 1
28 1 1
29 2 1
30 6 1
31 10 1
32 4 1
33 1 1
34 6 1
35 1 1
36 3 1
37 9 1
38 1 1
39 9 1
40 10 1
41 4 1
42 3 1
43 8 1
44 4 1
45 7 1
46 1 1
47 9 1
48 8 1
49 10 1
50 1 1
51 1 1
52 10 1
53 7 1
54 1 1
55 2 1
56 5 1
57 9 1
58 8 1
59 2 1
60 4 1
61 6 1
62 9 1
63 10 1
64 5 1
65 5 1
66 6 1
67 3 1
68 2 1
69 1 1
70 6 1
71 4 1
72 5 1
73 5 1
74 8 1
75 8 1
76 8 1
77 2 1
78 2 1
79 9 1
80 2 1
81 8 1
82 8 1
83 9 1
84 2 1
85 5 1
86 5 1
87 4 1
88 7 1
89 6 1
90 2 1
91 2 1
92 7 1
93 9 1
94 1 1
95 10 1
96 1 1
97 3 1
98 10 1
99 5 1
100 9 1
101 4 1
102 8 1
103 4 1
104 6 1
105 5 1
106 6 1
107 10 1
108 8 1
109 2 1
110 9 1
111 7 1
112 5 1
113 7 1
114 10 1
115 8 1
116 3 1
117 8 1
118 4 1
119 10 1
120 7 1
121 4 1
122 9 1
123 4 1
124 4 1
125 5 1
126 10 1
127 10 1
128 2 1
129 6 1
130 7 1
131 4 1
132 9 1
133 2 1
134 1 1
135 8 1
136 1 1
137 4 1
138 2 1
139 5 1
140 6 1
141 1 1
142 8 1
143 5 1
144 9 1
145 8 1
146 5 1
147 2 1
148 3 1
149 10 1
150 5 1
151 3 1
152 6 1
153 2 1
154 1 1
155 5 1
156 7 1
157 6 1
158 6 1
159 4 1
160 3 1
161 5 1
162 5 1
163 7 1
164 5 1
165 10 1
166 3 1
167 5 1
168 9 1
169 10 1
170 9 1
171 6 1
172 4 1
173 8 1
174 10 1
175 1 1
176 1 1
177 9 1
178 9 1
179 7 1
180 6 1
181 2 1
182 10 1
183 3 1
184 5 1
185 2 1
186 10 1
187 8 1
188 10 1
189 7 1
190 9 1
191 7 1
192 8 1
193 4 1
194 4 1
195 8 1
196 5 1
197 4 1
198 2 1
199 1 1
200 7 1
201 3 1
202 3 1
203 7 1
204 3 1
205 6 1
206 7 1
207 8 1
208 1 1
209 2 1
210 9 1
211 5 1
212 8 1
213 9 1
214 5 1
215 2 1
216 3 1
217 4 1
218 10 1
219 2 1
220 8 1
221 3 1
222 4 1
223 2 1
224 10 1
225 4 1
226 2 1
227 5 1
228 1 1
229 1 1
230 10 1
231 2 1
232 5 1
233 9 1
234 8 1
235 10 1
236 4 1
237 5 1
238 6 1
239 5 1
240 10 1
241 4 1
242 10 1
243 6 1
244 5 1
245 1 1
246 3 1
247 5 1
248 3 1
249 1 1
250 10 1
251 7 1
252 6 1
253 6 1
254 5 1
255 9 1
256 1 1
257 5 1
258 5 1
259 1 1
260 9 1
261 1 1
262 7 1
263 9 1
264 9 1
265 4 1
266 9 1
267 4 1
268 9 1
269 7 1
270 6 1
271 4 1
272 5 1
273 8 1
274 6 1
275 10 1
276 5 1
277 4 1
278 1 1
279 8 1
280 4 1
281 10 1
282 4 1
283 9 1
284 4 1
285 2 1
286 4 1
287 4 1
288 1 1
289 3 1
290 5 1
291 7 1
292 8 1
293 4 1
294 10 1
295 1 1
296 8 1
297 3 1
298 10 1
299 6 1
300 8 1
301 5 1
302 1 1
303 4 1
304 8 1
305 8 1
306 5 1
307 6 1
308 6 1
309 9 1
310 7 1
311 8 1
312 6 1
313 5 1
314 4 1
315 5 1
316 1 1
317 5 1
318 4 1
319 8 1
320 4 1
321 8 1
322 7 1
323 5 1
324 7 1
325 2 1
326 3 1
327 6 1
328 10 1
329 8 1
330 6 1
331 6 1
332 2 1
333 7 1
334 3 1
335 5 1
336 5 1
337 10 1
338 4 1
339 10 1
340 5 1
341 9 1
342 9 1
343 1 1
344 4 1
345 5 1
346 3 1
347 9 1
348 3 1
349 5 1
350 4 1
351 5 1
352 8 1
353 2 1
354 3 1
355 3 1
356 5 1
357 3 1
358 7 1
359 4 1
360 1 1
361 2 1
362 4 1
363 7 1
364 5 1
365 8 1
366 7 1
367 7 1
368 9 1
369 9 1
370 6 1
371 4 1
372 1 1
373 4 1
374 10 1
375 7 1
376 2 1
377 2 1
378 2 1
379 6 1
380 2 1
381 2 1
382 4 1
383 7 1
384 1 1
385 9 1
386 8 1
387 8 1
388 4 1
389 9 1
390 3 1
391 7 1
392 5 1
393 8 1
394 6 1
395 9 1
396 6 1
397 5 1
398 2 1
399 6 1
400 7 1
401 6 1
402 9 1
403 3 1
404 8 1
405 10 1
406 7 1
407 10 1
408 6 1
409 8 1
410 5 1
411 9 1
412 7 1
413 3 1
414 5 1
415 8 1
416 10 1
417 8 1
418 3 1
419 3 1
420 2 1
421 9 1
422 3 1
423 7 1
424 6 1
425 10 1
426 8 1
427 8 1
428 6 1
429 6 1
430 5 1
431 4 1
432 9 1
433 9 1
434 7 1
435 10 1
436 9 1
437 8 1
438 8 1
439 6 1
440 5 1
441 10 1
442 3 1
443 4 1
444 5 1
445 8 1
446 6 1
447 10 1
448 9 1
449 1 1
450 4 1
451 6 1
452 2 1
453 5 1
454 7 1
455 2 1
456 2 1
457 2 1
458 3 1
459 5 1
460 6 1
461 5 1
462 5 1
463 9 1
464 5 1
465 2 1
466 9 1
467 9 1
468 4 1
469 3 1
470 4 1
471 5 1
472 8 1
473 3 1
474 6 1
475 5 1
476 5 1
477 7 1
478 9 1
479 9 1
480 8 1
481 2 1
482 3 1
483 5 1
484 2 1
485 4 1
486 8 1
487 2 1
488 2 1
489 6 1
490 8 1
491 1 1
492 1 1
493 1 1
494 9 1
495 8 1
496 4 1
497 10 1
498 8 1
499 3 1
500 9 1
501 5 1
502 3 1
503 10 1
504 7 1
505 3 1
506 10 1
507 1 1
508 5 1
509 7 1
510 2 1
511 4 1
512 2 1
513 4 1
514 4 1
515 1 1
516 1 1
517 8 1
518 8 1
519 6 1
520 5 1
521 7 1
522 5 1
523 10 1
524 6 1
525 8 1
526 8 1
527 1 1
528 5 1
529 4 1
530 4 1
531 5 1
532 5 1
533 8 1
534 5 1
535 1 1
536 5 1
537 6 1
538 5 1
539 2 1
540 7 1
541 9 1
542 7 1
543 2 1
544 10 1
545 8 1
546 10 1
547 7 1
548 1 1
549 9 1
550 9 1
551 5 1
552 5 1
553 4 1
554 2 1
555 4 1
556 10 1
557 5 1
558 2 1
559 8 1
560 8 1
561 4 1
562 7 1
563 1 1
564 3 1
565 3 1
566 9 1
567 1 1
568 8 1
569 9 1
570 3 1
571 4 1
572 5 1
573 9 1
574 3 1
575 1 1
576 4 1
577 2 1
578 8 1
579 1 1
580 2 1
581 5 1
582 1 1
583 5 1
584 6 1
585 8 1
586 10 1
587 5 1
588 7 1
589 5 1
590 9 1
591 4 1
592 1 1
593 10 1
594 8 1
595 1 1
596 9 1
597 7 1
598 2 1
599 1 1
600 2 1
601 5 1
602 10 1
603 3 1
604 2 1
605 10 1
606 3 1
607 7 1
608 9 1
609 7 1
610 4 1
611 7 1
612 2 1
613 4 1
614 6 1
615 9 1
616 3 1
617 3 1
618 7 1
619 7 1
620 3 1
621 7 1
622 8 1
623 2 1
624 7 1
625 9 1
626 2 1
627 1 1
628 1 1
629 8 1
630 6 1
631 5 1
632 2 1
633 4 1
634 3 1
635 5 1
636 3 1
637 8 1
638 5 1
639 3 1
640 6 1
641 6 1
642 9 1
643 6 1
644 3 1
645 2 1
646 6 1
647 1 1
648 6 1
649 1 1
650 5 1
651 8 1
652 7 1
653 6 1
654 2 1
655 10 1
656 1 1
657 4 1
658 3 1
659 6 1
660 6 1
661 10 1
662 9 1
663 1 1
664 3 1
665 6 1
666 6 1
667 10 1
668 2 1
669 3 1
670 2 1
671 3 1
672 3 1
673 5 1
674 2 1
675 7 1
676 3 1
677 2 1
678 2 1
679 5 1
680 10 1
681 9 1
682 4 1
683 5 1
684 2 1
685 1 1
686 7 1
687 5 1
688 5 1
689 1 1
690 7 1
691 7 1
692 3 1
693 6 1
694 8 1
695 3 1
696 1 1
697 5 1
698 1 1
699 9 1
700 2 1
701 10 1
702 8 1
703 6 1
704 6 1
705 6 1
706 7 1
707 4 1
708 7 1
709 2 1
710 6 1
711 10 1
712 6 1
713 3 1
714 10 1
715 8 1
716 6 1
717 7 1
718 1 1
719 7 1
720 7 1
721 4 1
722 3 1
723 8 1
724 8 1
725 9 1
726 6 1
727 2 1
728 2 1
729 5 1
730 3 1
731 2 1
732 7 1
733 6 1
734 1 1
735 1 1
736 3 1
737 1 1
738 8 1
739 3 1
740 7 1
741 5 1
742 1 1
743 3 1
744 8 1
745 6 1
746 5 1
747 1 1
748 3 1
749 6 1
750 3 1
751 8 1
752 8 1
753 8 1
754 4 1
755 4 1
756 9 1
757 2 1
758 10 1
759 3 1
760 4 1
761 6 1
762 1 1
763 8 1
764 1 1
765 4 1
766 9 1
767 4 1
768 1 1
769 3 1
770 9 1
771 3 1
772 10 1
773 5 1
774 6 1
775 4 1
776 10 1
777 1 1
778 2 1
779 5 1
780 4 1
781 2 1
782 10 1
783 8 1
784 5 1
785 5 1
786 6 1
787 8 1
788 3 1
789 6 1
790 7 1
791 2 1
792 7 1
793 1 1
794 7 1
795 8 1
796 6 1
797 4 1
798 10 1
799 5 1
800 9 1
801 1 1
802 3 1
803 7 1
804 3 1
805 2 1
806 3 1
807 1 1
808 7 1
809 2 1
810 4 1
811 3 1
812 1 1
813 6 1
814 8 1
815 5 1
816 2 1
817 6 1
818 7 1
819 2 1
820 9 1
821 6 1
822 10 1
823 4 1
824 3 1
825 4 1
826 6 1
827 10 1
828 10 1
829 4 1
830 4 1
831 1 1
832 9 1
833 1 1
834 5 1
835 1 1
836 8 1
837 8 1
838 6 1
839 7 1
840 7 1
841 1 1
842 5 1
843 5 1
844 3 1
845 8 1
846 7 1
847 5 1
848 1 1
849 6 1
850 3 1
851 2 1
852 3 1
853 3 1
854 4 1
855 2 1
856 3 1
857 5 1
858 8 1
859 4 1
860 1 1
861 6 1
862 6 1
863 9 1
864 4 1
865 2 1
866 5 1
867 5 1
868 1 1
869 7 1
870 4 1
871 9 1
872 8 1
873 2 1
874 5 1
875 7 1
876 3 1
877 1 1
878 4 1
879 1 1
880 9 1
881 8 1
882 6 1
883 10 1
884 3 1
885 9 1
886 3 1
887 4 1
888 5 1
889 7 1
890 7 1
891 3 1
892 8 1
893 5 1
894 2 1
895 1 1
896 5 1
897 6 1
898 10 1
899 10 1
900 5 1
901 7 1
902 9 1
903 3 1
904 10 1
905 8 1
906 1 1
907 10 1
908 1 1
909 6 1
910 10 1
911 1 1
912 1 1
913 1 1
914 8 1
915 1 1
916 6 1
917 8 1
918 2 1
919 4 1
920 3 1
921 9 1
922 2 1
923 3 1
924 1 1
925 4 1
926 5 1
927 9 1
928 2 1
929 9 1
930 1 1
931 6 1
932 8 1
933 1 1
934 3 1
935 3 1
936 9 1
937 4 1
938 5 1
939 7 1
940 1 1
941 3 1
942 7 1
943 1 1
944 7 1
945 4 1
946 9 1
947 6 1
948 3 1
949 5 1
950 3 1
951 5 1
952 6 1
953 1 1
954 8 1
955 5 1
956 6 1
957 7 1
958 1 1
959 6 1
960 9 1
961 9 1
962 4 1
963 8 1
964 4 1
965 3 1
966 10 1
967 8 1
968 5 1
969 3 1
970 8 1
971 8 1
972 10 1
973 4 1
974 7 1
975 4 1
976 7 1
977 8 1
978 10 1
979 1 1
980 6 1
981 7 1
982 2 1
983 5 1
984 5 1
985 5 1
986 8 1
987 2 1
988 6 1
989 8 1
990 6 1
991 5 1
992 8 1
993 8 1
994 9 1
995 3 1
996 1 1
997 4 1
998 6 1
999 5 1
1000 3 1
965 995 58
493 942 25
977 988 41
422 441 16
712 789 52
538 870 2
467 844 74
446 900 2
90 342 13
877 950 89
422 895 88
130 537 90
198 745 34
877 991 77
196 889 28
116 620 1
561 892 49
436 889 65
415 928 98
224 816 64
957 990 13
378 515 99
681 841 42
744 960 76
161 265 30
25 222 28
227 733 46
280 292 33
886 954 9
856 905 92
585 781 41
929 957 41
490 851 7
739 814 81
657 661 32
625 689 47
415 660 51
239 565 43
354 820 29
663 756 71
402 763 67
120 280 31
545 930 26
777 974 55
111 616 23
5 18 42
427 928 29
391 655 65
841 956 28
64 418 53
136 278 63
583 712 30
884 995 93
481 605 85
836 914 19
761 926 27
509 574 86
490 844 98
991 992 23
587 771 52
126 198 55
427 650 14
644 673 4
149 905 95
310 929 43
405 636 33
884 907 28
4 318 67
381 579 32
488 539 84
82 239 18
240 291 12
17 619 52
720 771 5
246 463 82
552 909 40
942 967 47
785 960 40
220 398 27
491 624 5
880 993 81
9 913 49
532 699 43
662 771 40
369 620 27
669 966 42
642 746 7
939 980 14
287 544 92
720 952 96
357 769 26
382 876 95
781 864 39
233 769 88
274 621 5
576 664 33
215 699 70
612 949 37
241 469 75
743 775 83
64 450 67
686 811 98
133 143 53
642 981 13
823 829 34
123 196 63
437 860 32
967 974 81
779 860 72
482 891 70
687 881 64
974 999 70
428 699 5
277 889 38
74 410 41
837 978 58
596 711 75
996 998 68
770 791 5
237 360 81
343 465 40
354 876 67
430 856 56
369 429 22
593 944 18
732 922 38
475 903 41
428 842 99
847 998 10
558 977 2
160 558 4
178 903 84
75 725 8
848 908 72
602 965 62
20 317 47
554 858 67
627 653 10
879 889 69
222 382 98
559 743 16
207 741 52
253 601 94
554 877 94
551 668 46
798 827 50
690 786 13
637 700 1
61 274 86
208 960 43
276 403 70
927 959 93
374 768 42
415 421 38
161 687 27
637 831 46
460 573 67
691 742 76
933 953 27
376 572 18
301 465 37
365 777 83
457 597 95
726 981 9
867 873 60
374 987 47
505 672 89
70 562 64
636 636 19
215 886 33
251 382 68
830 986 92
65 813 42
456 872 86
29 836 28
327 907 59
536 655 38
883 897 3
853 916 63
901 908 64
949 964 18
360 675 97
600 639 1
433 508 61
691 875 22
546 734 21
422 462 9
425 748 58
357 515 10
566 934 94
650 927 64
709 774 97
449 722 6
769 813 56
333 964 77
722 883 14
282 781 9
280 507 9
706 982 63
408 664 38
804 824 40
183 897 100
81 364 21
686 834 82
769 997 71
109 507 57
207 390 19
235 709 100
448 503 60
925 970 60
954 959 80
157 219 63
290 548 85
197 320 76
799 940 86
564 625 13
990 994 93
232 981 44
933 942 86
53 459 2
180 916 56
662 847 1
9 744 62
25 169 96
620 658 89
352 464 45
603 805 97
582 603 39
311 633 62
735 796 64
686 957 27
803 854 57
714 910 100
748 879 31
50 236 4
606 942 5
455 729 97
895 976 32
131 648 9
608 949 1
38 831 77
235 285 74
1 798 35
781 883 62
966 993 50
542 884 79
775 937 61
743 802 97
887 902 46
115 293 51
799 928 24
529 540 6
674 844 28
665 960 24
547 818 91
614 706 56
221 938 43
852 931 23
467 956 51
642 864 40
26 608 68
753 991 35
308 918 42
102 693 23
870 931 82
973 984 31
684 887 10
719 987 11
828 962 74
925 983 63
529 576 89
389 749 27
906 959 35
972 983 40
386 761 16
766 830 10
777 830 58
602 927 18
354 839 10
10 749 10
543 650 25
218 466 39
739 963 41
174 452 15
430 814 34
881 998 72
414 754 30
379 443 35
44 80 39
620 967 81
741 961 51
87 661 26
651 833 32
505 932 59
588 681 18
769 785 58
929 968 23
538 862 51
129 910 46
71 631 70
439 718 33
231 314 50
442 479 63
442 834 29
36 343 32
915 957 42
349 733 28
254 934 37
601 873 36
972 982 25
208 245 38
557 850 95
804 967 91
413 879 51
857 915 4
227 307 20
496 732 66
230 808 71
380 690 79
73 230 43
265 778 33
160 683 59
858 924 62
484 988 16
27 240 43
236 542 26
854 890 85
189 638 33
626 775 41
811 813 95
449 845 40
328 633 33
224 753 91
389 587 46
365 589 23
944 981 39
796 995 84
989 991 12
515 820 57
471 563 26
8 114 63
857 946 45
391 658 96
657 700 48
369 758 18
724 933 83
105 988 29
8 118 1
696 738 64
14 972 63
596 785 19
598 866 3
445 828 97
289 388 49
401 549 62
17 952 86
609 773 4
883 896 74
123 991 86
592 689 36
385 525 2
937 962 52
554 801 32
2 561 4
736 766 78
432 973 50
106 557 10
989 996 9
171 921 85
740 755 98
659 862 45
561 600 74
877 983 38
619 901 9
345 690 88
268 662 17
547 571 36
24 75 12
124 939 53
757 887 82
79 126 21
459 942 43
63 249 16
476 815 24
223 321 55
278 631 91
802 966 17
486 521 25
773 908 36
927 968 58
490 727 50
596 933 4
942 989 61
283 284 20
974 986 15
523 710 68
677 857 48
703 878 82
162 838 79
291 346 72
992 997 53
95 580 69
405 871 43
282 306 62
240 477 34
697 995 97
589 764 67
664 730 63
571 708 53
568 742 1
864 885 90
563 964 44
468 683 44
564 797 51
699 740 84
74 881 33
159 374 80
175 726 10
645 993 71
612 768 3
439 804 73
303 639 51
971 988 51
433 763 23
954 965 51
529 757 57
620 862 32
173 296 91
601 698 64
698 792 6
571 717 38
642 755 10
779 801 14
62 583 4
762 822 60
12 615 55
746 835 85
451 504 74
331 493 99
37 492 33
754 910 95
764 815 94
431 542 42
897 986 78
911 975 25
553 882 48
274 978 23
449 542 1
429 657 59
20 522 45
363 468 86
194 889 14
984 995 5
796 851 39
662 818 55
717 953 67
156 453 90
739 884 30
788 843 75
847 993 95
444 911 11
65 807 11
831 902 43
56 855 25
365 768 87
337 899 71
121 776 78
742 919 68
193 482 66
321 588 19
92 882 74
657 659 23
791 813 40
101 503 87
777 858 29
615 803 28
232 936 37
963 979 77
171 500 47
199 836 91
58 707 33
861 973 89
539 915 12
416 595 29
863 908 67
268 489 64
812 826 69
682 800 88
740 782 48
362 581 60
622 893 52
593 757 16
524 846 19
765 833 96
517 596 35
559 646 33
733 959 33
697 726 50
954 954 75
616 705 66
463 840 41
900 991 96
847 970 27
486 536 77
762 794 15
986 990 88
540 592 13
421 970 22
480 809 39
480 499 30
926 990 54
382 587 8
757 776 56
971 997 80
837 968 8
615 848 5
684 926 15
273 474 45
52 935 89
175 976 24
674 722 8
228 776 17
419 830 24
307 312 4
11 339 74
677 690 45
822 968 37
630 949 100
251 351 2
69 591 10
189 326 34
859 932 95
124 733 54
163 703 85
116 281 43
795 868 92
132 669 28
907 936 30
442 546 80
172 559 5
245 320 71
410 474 83
924 966 95
134 979 46
782 933 2
933 983 44
609 837 90
205 806 13
135 849 18
442 552 90
326 814 60
964 997 97
847 851 38
556 687 87
858 870 29
38 240 61
224 251 7
297 557 27
89 497 89
365 838 76
135 191 89
997 999 30
298 426 64
614 721 89
286 809 2
702 883 82
339 499 25
9 14 15
212 311 39
504 628 88
50 447 33
339 641 68
274 856 25
209 605 96
468 732 98
205 982 12
77 629 26
483 738 88
520 666 55
756 876 45
825 977 31
327 429 20
802 857 41
897 927 10
66 145 27
871 906 73
467 585 98
681 849 74
867 876 35
505 550 24
278 315 15
941 999 96
521 900 42
873 924 10
906 965 16
641 882 27
751 930 96
726 994 36
804 831 93
702 832 74
698 880 61
801 834 58
620 975 52
778 841 23
460 1000 9
643 659 46
406 933 16
501 733 98
667 977 100
206 494 68
153 645 14
219 353 73
977 982 22
561 779 6
193 903 12
207 821 51
915 942 38
159 883 96
390 864 36
516 994 11
724 918 56
798 932 6
733 871 56
452 487 9
626 791 93
778 931 35
556 938 29
316 615 42
166 795 64
57 433 10
952 992 15
532 798 81
438 892 85
903 907 17
489 650 73
193 265 31
780 881 16
170 316 24
42 283 43
772 802 12
495 686 81
373 413 93
708 915 63
163 348 85
431 844 79
927 985 4
130 704 65
741 872 25
203 745 59
482 692 58
692 739 5
976 986 25
732 983 56
519 602 24
414 627 35
844 902 81
49 421 55
335 594 99
104 989 94
632 800 80
563 706 87
673 831 16
838 971 11
538 806 33
129 828 87
601 995 96
376 748 81
441 692 34
131 964 17
93 889 7
529 592 66
693 705 47
585 831 39
32 863 86
1 469 50
2 833 58
875 931 7
825 942 18
325 348 13
267 732 50
48 252 58
290 495 13
516 573 43
572 904 51
978 990 98
932 997 79
130 869 24
981 994 98
542 798 59
856 956 56
559 926 44
963 974 75
359 614 91
165 646 87
903 926 18
912 987 9
82 634 96
535 729 3
385 805 75
993 993 94
488 980 4
332 812 53
866 915 78
13 819 78
113 320 1
455 596 55
233 472 4
74 847 79
454 825 24
271 402 5
179 225 83
634 659 100
724 826 20
647 903 64
158 434 12
968 974 41
862 999 35
149 682 53
376 988 47
269 968 23
706 995 53
269 405 2
312 766 5
71 490 6
817 930 90
974 984 33
665 724 87
463 765 5
993 999 87
426 468 2
4 928 39
937 967 54
748 751 22
959 969 8
205 508 64
870 938 61
640 935 68
995 998 24
683 893 39
562 840 20
855 969 36
666 817 4
170 427 19
72 940 62
350 364 80
999 1000 64
531 673 56
444 641 95
241 384 29
667 991 84
960 967 45
574 668 8
755 771 33
351 446 87
603 730 80
332 405 5
353 792 79
226 279 88
334 602 22
78 944 33
478 727 51
448 465 69
338 958 42
745 785 43
653 824 90
663 663 95
82 441 89
550 662 40
573 891 65
850 914 66
855 868 17
35 289 6
150 195 31
560 933 35
396 460 49
199 917 73
967 978 54
180 629 15
161 625 29
664 803 69
513 988 66
365 829 56
843 871 41
839 938 22
827 835 16
29 209 77
824 975 57
504 958 21
999 1000 3
363 412 64
197 747 7
333 802 58
697 834 3
91 238 69
570 853 99
506 718 3
797 816 20
979 981 58
882 1000 100
424 723 40
704 734 65
910 982 40
261 349 18
444 673 75
99 318 75
587 718 70
872 919 18
246 350 88
694 963 14
637 718 39
730 945 77
677 882 96
232 867 77
739 840 35
367 994 43
160 161 44
138 841 97
79 304 87
983 996 72
197 523 85
403 655 24
209 415 91
926 963 15
652 915 55
499 625 100
994 994 9
108 800 78
226 526 28
227 413 68
363 775 58
372 631 97
777 943 36
209 279 55
375 556 86
638 877 72
820 827 53
775 906 58
763 856 34
695 768 84
830 974 43
802 824 9
435 750 71
766 789 91
610 654 63
870 917 47
133 330 39
494 741 39
714 779 10
286 872 56
661 882 49
705 900 18
938 964 77
830 841 20
506 874 83
346 361 29
308 882 56
579 885 52
182 773 21
368 619 95
460 955 61
536 762 42
352 436 34
472 686 29
747 972 84
649 786 43
363 789 60
33 557 93
118 829 44
633 647 51
254 474 62
879 960 29
950 969 26
182 899 42
20 626 100
179 671 80
279 387 38
977 987 74
812 888 71
568 948 38
595 801 36
25 702 93
856 920 79
997 998 62
335 960 29
463 801 23
80 369 3
128 173 85
27 712 73
18 299 86
526 827 82
759 902 86
445 844 99
466 475 67
633 954 82
414 597 59
852 877 97
663 995 50
844 873 39
878 995 8
671 716 2
281 991 7
78 967 78
754 814 45
453 929 41
103 568 97
226 611 24
267 918 2
813 925 6
723 934 8
655 863 79
11 481 63
517 867 22
722 887 21
287 966 10
251 430 28
149 516 22
566 855 7
138 425 31
560 890 4
548 776 35
510 516 46
514 774 87
695 971 68
39 816 48
915 943 50
510 885 10
655 976 71
231 302 29
811 960 83
937 953 9
525 649 33
897 945 5
943 952 28
634 789 18
103 362 42
574 811 45
455 853 42
500 778 69
173 183 35
258 760 70
195 790 80
622 622 99
705 954 86
808 927 53
825 900 71
34 95 25
476 758 52
987 996 23
788 888 38
272 712 99
82 531 20
596 687 89
137 884 25
322 723 80
586 674 40
944 972 6
626 989 51
671 964 78
658 764 61
169 975 90
269 291 62
610 999 16
407 740 97
131 353 72
692 802 36
706 709 75
255 539 50
158 797 73
973 976 30
906 958 34
193 839 2
280 834 82
793 923 11
361 557 84
73 392 31
410 768 60
703 854 91
721 863 88
527 656 91
145 338 76
928 940 59
690 767 20
750 809 55
444 799 63
594 841 97
438 549 89
616 879 22
786 853 80
959 994 43
188 288 95
343 781 13
268 664 39
830 946 95
216 424 48
571 633 79
789 998 79
751 848 2
695 700 84
224 929 12
743 887 45
