1000 1000 1000
7
49
73
58
30
72
44
78
23
9
40
65
92
42
87
3
27
29
40
12
3
69
9
57
60
33
99
78
16
35
97
26
12
67
10
33
79
49
79
21
67
72
93
36
85
45
28
91
94
57
1
53
8
44
68
90
24
96
30
3
22
66
49
24
1
53
77
8
28
33
98
81
35
13
65
14
63
36
25
69
15
94
29
1
17
95
5
4
51
98
88
23
5
82
52
66
16
37
38
44
1
97
71
28
37
58
77
97
94
4
9
31
45
75
35
98
42
99
68
12
60
57
94
8
95
68
13
30
6
62
42
65
82
52
67
21
95
12
71
1
90
31
38
57
16
90
40
79
35
6
72
98
95
19
54
23
89
60
5
26
23
6
13
70
38
94
20
44
66
34
26
94
63
38
44
90
50
59
23
47
85
17
72
39
47
85
96
85
23
20
44
68
35
15
25
34
42
11
79
52
44
95
18
96
92
15
91
33
69
97
53
47
25
10
62
11
8
77
61
25
35
68
95
76
67
39
74
31
56
1
72
60
94
84
55
89
7
15
93
69
80
55
55
6
63
2
76
8
49
31
44
38
8
97
51
49
3
31
31
14
19
75
9
80
29
23
54
60
37
45
17
25
0
56
64
97
48
4
50
50
76
12
54
97
4
81
48
65
78
99
9
29
53
83
47
7
73
22
5
76
53
24
30
66
0
44
70
85
16
98
55
33
57
76
78
66
57
11
78
14
19
37
33
91
20
62
33
97
31
88
89
73
77
4
58
0
54
60
15
47
80
30
55
46
7
38
0
26
35
57
13
14
93
60
54
18
57
85
29
15
63
2
17
43
19
67
47
69
95
3
73
3
48
85
58
59
6
30
24
32
73
3
97
20
50
31
80
3
0
20
33
58
3
76
50
34
80
79
32
74
49
42
49
71
10
79
83
70
40
23
50
71
29
18
46
99
30
21
76
24
44
58
96
71
64
60
98
51
40
3
51
1
5
80
18
74
49
13
20
25
12
83
88
17
8
50
24
95
57
11
90
66
10
93
53
65
60
42
3
52
7
41
10
0
99
27
71
87
14
25
41
17
48
42
15
74
45
73
20
11
39
54
5
29
53
89
66
56
4
60
98
92
20
16
80
67
52
39
98
1
11
16
91
71
28
71
61
45
20
40
58
53
27
50
11
63
94
33
27
27
95
31
42
16
6
15
24
1
97
61
3
24
8
36
81
15
10
16
5
73
81
20
91
69
65
27
36
28
25
84
67
49
76
46
76
66
67
20
84
91
10
58
11
44
18
18
34
25
67
89
18
14
25
18
28
29
34
27
40
54
40
96
35
83
48
65
11
52
64
76
37
75
45
10
15
92
10
47
37
99
47
15
93
79
29
64
79
1
25
89
58
33
0
89
70
17
46
38
43
38
36
21
19
96
47
88
59
87
35
35
12
84
89
84
34
67
19
15
45
76
61
25
19
31
3
98
98
39
4
3
79
65
91
7
24
65
21
54
6
50
3
32
32
41
54
77
17
0
89
65
47
22
79
17
16
48
62
29
39
8
3
57
61
52
66
21
57
96
55
30
94
55
21
12
93
27
32
44
91
98
52
56
70
3
39
14
99
66
35
21
43
52
86
19
50
10
23
69
5
43
11
31
92
16
99
71
39
70
36
91
57
33
28
77
10
83
76
89
91
34
11
4
26
91
90
22
64
90
84
13
41
27
79
84
37
70
61
81
65
2
32
32
54
59
47
77
62
10
19
50
77
41
36
20
99
12
59
56
90
52
48
14
44
18
50
1
95
21
31
1
45
61
57
10
28
5
73
37
69
96
3
21
75
18
0
89
62
54
63
43
89
50
35
15
64
94
63
58
52
92
16
14
20
60
50
68
41
47
96
87
1
34
28
71
48
75
53
71
29
93
19
71
20
64
79
30
10
80
13
42
38
82
44
28
93
75
80
0
96
47
70
87
43
33
52
61
24
0
80
78
57
23
98
14
45
62
9
10
49
18
90
55
43
55
85
34
75
21
51
26
51
59
83
14
37
79
98
0
37
85
78
84
42
15
60
67
40
7
66
28
62
63
69
90
23
78
13
61
10
40
78
0
94
7
56
51
86
31
44
39
76
84
52
8
14
54
19
28
71
70
63
47
24
43
54
8
81
52
88
63
59
19
79
56
61
87
53
99
88
44
80
66
83
74
36
9
67
34
39
84
51
49
66
67
10
89
27
73
81
95
36
74
35
31
72
28
98
70
87
97
89
46
90
11
12
63
12
81
51
231 2021703321
214 270655128
951 1904228600
960 349949754
993 1293655194
331 1801048632
560 840858777
780 1433118632
273 86383
82 1350237153
623 1233398521
957 754609818
592 796366900
197 1237874120
705 1598733599
130 950527144
176 197140870
417 2131204599
81 70874618
289 1046279452
129 1923552800
663 1478744840
150 1034486385
584 2033924515
660 2047114878
960 272918561
383 1840728048
55 15049440
382 108218770
29 1377340251
545 294405869
596 1770872469
711 1408508172
924 1130552125
220 1939298850
432 596111243
847 840725869
671 521841394
611 1564026392
65 432109524
362 48439519
621 403681562
662 1674303725
435 1431005949
91 754137322
261 627260093
929 480385122
382 869226366
469 1244171023
723 938966639
518 1791608793
365 1823359178
957 568356771
342 1145751355
837 2144768489
729 262467120
903 912910312
617 458633347
947 71032851
673 227725811
524 1035191736
606 553029607
634 606587866
554 446941412
926 1640814040
154 1236634257
734 1949588295
140 245042251
259 1499292694
161 1606251138
930 1921919875
599 742794292
634 461814562
277 38193236
647 1686783873
465 1567627484
193 1885054119
843 737499328
860 777800262
146 173205716
128 1667292172
749 1059344000
371 1380261398
293 756589545
929 604612300
144 1344652192
564 338314783
273 541069801
10 1835246221
487 1306624513
770 802432531
358 562345819
487 435546856
817 152364254
755 2068549814
616 424166537
967 174647297
878 327625760
413 1737580191
232 97754174
464 1781814877
325 1720494784
834 857306750
528 1407044999
430 2118199609
145 888155364
452 232032812
980 1862124134
408 1791793583
601 1539614259
311 477900753
892 3379321
226 879965253
930 48236096
554 808530661
859 1704827491
964 712542920
769 1404181687
527 556455472
220 2119655641
205 1379382951
93 809458445
371 964449474
963 1257996176
318 1038525826
414 175223344
572 216485979
36 1807468129
289 1777959848
979 1746505617
724 1803447838
509 1378888929
927 1751829968
807 415825199
256 1998559829
277 812703488
897 489102819
865 2117091137
417 984580318
492 599180683
399 1588991120
749 652689961
652 1746311018
978 1541379946
662 1685931478
229 1239225063
236 1714971506
309 1348178968
680 1013304119
324 1137349677
393 1842378953
979 857151853
296 1817708271
476 981140204
963 628128032
820 2147483531
36 1592609468
469 1710652610
235 1290067270
779 540506265
46 1236143279
76 1605675327
688 2125225363
38 1191375766
535 229803083
676 528926184
556 718044156
400 148963664
94 1881757886
634 312244924
48 1421400194
331 1256336767
666 1061106910
683 1986056805
315 550579652
242 1332973585
592 51897806
761 1311517960
913 1220710403
431 803101085
201 808048585
468 1252230484
989 237955200
687 1471380100
496 1872328199
103 2092804428
184 1020793917
137 2130687802
490 1500456578
726 1020020789
723 955860595
606 943842319
692 2141420721
775 266898514
863 408575706
284 1409334626
420 982723801
331 298897644
376 2089423258
463 1830103131
737 1987760720
309 1002161024
948 988380508
412 1860019397
1 826278314
897 1748533999
646 1549592533
963 674280539
755 1477558821
287 355976536
11 378614662
174 425314493
636 1448374988
572 694506838
822 688964891
414 1869250560
958 317344092
744 2022889775
769 1419330413
416 365816636
892 355223347
370 775654832
135 2069828928
144 51240879
907 1903039054
808 1961132537
204 370604421
448 1748951034
950 1252119416
760 1013081938
551 713635183
187 1101581096
686 1778470524
923 10260363
182 976173012
252 1811472202
496 1576061536
455 908302208
981 871608031
831 1128632095
715 866913112
137 568629937
10 397215685
920 1332884381
611 702899908
610 395899439
868 1144996119
267 1988074999
521 66974515
578 1213459922
143 301203980
882 663826885
31 349756325
437 815146994
946 1293452602
234 719628480
457 1168292834
518 618198881
782 943433458
806 699174992
161 2088848651
202 683708542
945 750049635
556 2116321872
444 89947322
14 1686378441
782 217885779
519 939547160
730 606864955
83 1894729364
33 1439819313
196 1627434328
505 1832619855
712 502403881
611 561099904
552 643177616
762 2129948864
406 920432122
114 996004943
637 390585118
995 1080952188
744 1928517639
503 1351070343
71 1168336219
213 117703317
933 2094427782
98 1868047859
74 1113335590
820 2082344010
912 490853015
979 1925228542
46 182048270
563 1655903008
984 111531099
710 153838213
551 579642951
666 1476003502
618 2028614953
300 1958017916
585 1750911869
443 1034823503
516 1510074329
258 361713382
265 451109352
155 800532526
28 1732378755
260 1415002952
387 1121267422
130 1303243786
550 46741879
199 810278890
604 2082414686
444 1703568827
586 973300198
588 524470817
32 459173476
462 874131563
215 736906383
833 1478329722
512 1671132791
872 46506142
734 115431553
31 351222380
705 24864915
888 1978837110
682 1170411558
787 1195111433
41 1033862659
937 877617562
939 2020949754
527 1266233526
713 607227595
622 1601581177
342 1190369158
55 251606020
198 760864727
452 570659462
333 890022937
805 1137446057
406 1009200907
944 212294258
540 285217343
698 941222281
966 2134181457
606 751490117
413 1721485624
185 646861459
300 1185242216
741 1087796851
847 1566892922
894 466138615
50 827251361
650 567717231
797 1839326123
697 1918487444
251 2070596238
432 610059359
936 1543821265
802 1044718387
438 1843563948
121 43815424
895 2060542775
904 2142934989
287 1261990845
144 876657257
333 1171313261
579 1234157104
203 1463157031
221 1210884686
631 628938643
368 2100205648
845 1253497317
750 1120070125
274 1734607863
417 1277246680
349 430360979
958 602986814
706 1703072189
308 1694794905
528 343613614
716 1635179308
898 841369449
496 714456029
27 1675487866
399 2049458985
663 1668677518
854 1808070579
204 1650113383
724 1256830559
222 1721421174
35 1483422675
703 1183089436
280 1260542915
751 1929813013
851 558172492
949 84083
982 197225847
209 1458232706
179 1600442306
268 2108804114
911 1680984470
359 186428617
947 1990222304
657 1677949663
638 615449898
735 635348656
509 1954153012
114 1915096280
725 1615779104
614 1005252073
963 448292979
378 1927948269
148 2058805631
754 1972325633
740 564552520
195 1656677597
425 1665836871
959 899093320
949 1389628018
402 1781320517
393 1675512613
581 257691356
941 2129988594
869 912535670
464 1360521649
135 924176425
872 1714891891
651 529981217
11 89342654
526 201863901
495 93396392
35 1770024970
547 1099456187
122 2143831565
590 454412971
866 233871160
111 208040775
110 831269694
324 1931031534
475 1754634414
495 1755440423
876 984673077
358 1272825627
223 1433485574
173 1587198839
40 1343168183
418 1924350530
891 705082606
897 969502012
896 555831938
517 1511505321
685 1483839227
579 1889024460
973 465443487
636 1687111581
527 1536439194
31 419251295
259 43933419
213 1633863443
313 902368706
629 1453526593
927 108431226
727 1360842733
982 235195296
393 37618061
10 1155721377
125 1375150522
241 59701052
816 708455180
293 806957151
53 1651094973
678 1637930417
627 396412465
262 1800622739
850 791025007
720 1689452430
377 1750837825
582 1928208327
660 886513497
194 1190658225
830 753698822
349 2087332553
880 302469468
228 1721337424
432 861174277
407 1293580500
273 1621631601
931 2101530698
78 1567414549
295 1887377127
653 1455100059
578 618154670
152 47607224
85 2028505020
16 1220005219
178 65238695
896 1377925664
601 146595118
118 1233313723
618 451043754
569 1625538587
576 591304913
123 803604157
717 761140582
143 1336340962
9 744298440
306 1108121170
407 1495545201
720 1734451620
963 1580830317
136 704031752
895 946263235
611 2003810831
364 1217751851
848 2121255451
111 238745549
448 954526234
749 1170349223
89 318886771
933 1128408959
257 1262275345
703 1951959723
890 1090851819
495 994734886
108 1488817392
501 1487684946
402 538429365
745 1596502756
475 619997917
776 1407783695
867 911206864
492 926490791
941 822813756
60 1112419897
98 1584475309
564 1102346022
86 1078676899
520 892471720
393 62550148
54 248995776
877 1357276833
798 1096895193
904 1099708008
375 2095186766
304 2032536630
582 1353269186
726 1049567669
426 1474975158
186 1824152399
422 1719083114
261 965995056
873 50410053
854 1872175775
582 985089555
163 402945048
746 766999452
471 908601631
401 1814652263
548 1984298919
371 1761228201
960 2093598582
580 1580438996
30 1780363501
657 26550930
582 1299966420
363 1175082151
46 62393170
455 1239185157
94 1399348015
809 1579753861
967 1474391173
879 1619693086
31 6913052
27 1222774379
711 454823432
952 517465772
302 190430187
880 1274895608
538 836997036
203 1713318478
124 2106544088
575 2064984509
597 1854915123
763 1015178123
847 1869923879
156 85361674
723 1696851431
658 88704971
580 1465966194
528 1398904656
37 587158216
348 48806813
585 490350257
861 475051557
601 132601236
514 619527533
476 825948910
163 1590553266
807 1145745108
508 605962173
538 2007567896
56 1260723224
467 742345408
834 14079561
558 669943571
577 1095376114
915 473341289
736 412091859
639 1384408694
461 1062852927
344 298650842
456 394652121
712 176843580
613 774208809
691 637405483
546 824948438
435 1861180938
765 1972986481
841 1604404550
119 1704741175
599 1108278274
688 1737498842
589 1241229820
783 215049805
735 1482449220
47 930637903
621 693238850
976 2112935362
343 14947070
439 1131769142
116 1347264735
178 612438734
268 952539874
581 309517390
697 1873563006
882 1623716043
273 1865721355
639 704741975
621 1295247375
987 1730318197
306 896040537
596 694914783
496 1081920176
884 1929525082
828 972899151
600 878115305
952 2049476377
7 1035623790
596 1471118396
662 1946828231
726 859880606
380 2105490470
25 816721357
123 1780404053
474 285075280
504 1686835083
935 1675282582
858 753879563
42 522604637
830 52274687
787 1511519951
95 190711622
631 1999469630
155 1266231506
220 1237874717
484 585249139
914 551371692
640 1740396144
69 589818083
430 95911865
806 1242933387
941 1149492287
198 1974846679
569 166510363
901 1829517999
448 2054221501
489 1283497205
321 931226244
573 851753076
431 1419869319
970 1446552988
630 1016636152
133 1676024558
608 500251681
563 1360733216
410 1042769245
549 66613685
709 1685700813
868 887248105
615 571049654
336 874198470
164 304813979
959 1272980039
60 1461279945
524 1767953748
745 1183995177
738 1620827491
43 274400498
778 1229012004
383 1304725556
176 1653783133
211 823121292
671 264624270
954 353905353
329 742270128
874 1807891082
772 279249300
406 563773455
622 611025384
935 1096695847
329 2104912488
786 1946584308
159 662532774
924 1426608261
873 426723924
336 237796389
857 80513344
999 398937747
896 1819343967
384 624474576
944 1027960836
538 1428592146
363 93499757
943 488989596
904 1895928381
282 1534579294
789 135423804
656 1374590687
984 1224442217
566 2004235293
257 772429938
852 1159819487
191 2073012680
833 1546053526
430 345708707
415 1418657617
926 155982638
527 410719545
358 1066156125
308 1068993879
552 820861641
960 1350143981
466 2009076325
495 2793893
65 1085614563
430 844025501
873 1155276940
54 816914329
233 2016742280
360 1644985474
41 1669878776
590 1422187704
19 1951134968
487 127791266
663 1017166374
699 20539821
28 1338304415
228 1312829841
410 1059750158
936 1648603765
762 1659137761
833 658730272
220 2065506194
804 332365254
132 787700516
305 1275327683
475 1244615113
412 115055544
709 1656501759
806 932274672
793 637321172
216 647875229
514 1321577143
481 538556509
306 2113049184
50 1935059511
210 5018383
849 2147215785
308 53670760
581 125332989
64 331639733
567 2016938585
201 626007585
443 197021174
392 956338663
894 959523303
199 2036770363
762 1083563991
178 1476871089
798 901189829
713 1726100569
861 2059266531
466 1471006711
514 233418096
51 129770804
124 1124680888
723 804043820
817 1402268365
378 247463372
613 1287050380
77 459607900
42 1243662618
476 2078891919
944 1747970763
782 1941202058
583 103685467
153 2129812551
462 253605895
618 1048762429
628 425876991
287 895945460
457 226154992
2 913143239
412 1966980384
971 69483513
671 1315198308
986 867486120
358 1008667245
298 815530879
200 2117659702
784 517536167
420 1484495969
138 579189829
800 46554618
219 1029868805
816 1476063837
316 595057129
25 1218659915
967 1541547472
497 1684850160
779 856974279
372 333385324
446 254160780
578 1790876558
955 594352115
609 1256949621
609 2048121945
853 1058236095
212 578879010
161 1241043282
911 653298282
111 25792301
861 482459635
21 550312684
7 516446605
709 248565777
625 1105240049
994 886276544
417 603291624
82 1774377061
986 2009855638
204 235347507
23 1107647013
296 286484851
184 1368085698
858 1514447800
357 1868921089
802 560874499
11 52326674
296 2059111528
692 2004064647
582 2066513293
521 1566956168
416 979277476
525 368213053
765 1196282487
796 718088519
694 1031354806
506 2087492231
379 1786241349
231 294904209
388 785914632
975 778742984
271 1390214553
912 743159388
165 290659938
689 743780607
663 1951121158
817 1122389175
978 1106669492
378 393422029
291 1076869860
752 1078984027
522 758891439
741 701893364
778 1316249136
6 2136303011
685 1869440655
976 1768693159
540 83342649
900 1519242172
975 2058791990
467 1313116742
223 1753293021
461 2038369834
448 820581293
418 586004101
366 619258248
775 496782332
389 300398765
259 234159002
311 422820719
311 340082437
993 1179650736
849 1277534008
751 1481750933
320 656900037
633 1928749694
594 1354136010
812 1289375905
459 1350323207
554 1991075574
665 64091907
803 1470290814
870 1290155439
515 1732881087
596 642324448
68 344027313
868 1745596560
254 1058107670
884 1136274956
369 933540226
401 1010845322
438 1741065199
572 621699896
418 448129341
159 681170435
889 791172471
874 1879270107
921 425956292
194 1063744552
190 1115453013
829 231177603
199 1217320417
551 244161988
547 1825701043
366 14799688
812 482601766
444 1833147638
5 1379521167
758 8288122
47 506249331
704 534074120
28 964881464
952 1277538205
730 1619397842
417 559412188
151 1867986685
303 1773360673
46 1087693397
116 1329951252
389 56510386
529 389889717
623 2134480723
327 295593196
662 412337079
885 732450842
891 1460889597
629 667312311
344 836755544
453 1018533925
239 1381428072
388 149805457
516 999774327
762 1322640782
978 2087843144
229 325631813
536 925713901
240 2127988723
324 1754538964
992 1150111458
960 651615343
749 2015135527
453 65055133
9 648925541
122 714569899
470 2122026730
382 955363576
214 1416449507
155 359184398
470 533552415
681 1132893647
828 1133495475
789 1399703186
865 307912247
707 1959734038
628 1519120702
332 136524079
758 815921146
728 1812642440
739 541234441
843 506898502
466 1645325369
12 1748263908
503 1178641843
374 88487080
837 1680293002
565 1966065970
402 80205587
41 1096729108
