1 3
2 3
1 5
4 5
1 10
6 7
7 10
8 9
8 10
6 15
11 12
12 13
13 14
14 15
11 20
16 17
16 20
16 20
16 20
16 25
21 24
22 23
22 24
21 25
21 26
26 28
27 28
27 29
29 30
30 40
31 33
32 33
31 34
31 35
31 40
36 40
37 38
38 40
39 40
31 200
41 42
42 43
41 45
44 45
44 50
46 47
46 48
48 50
49 50
41 55
51 55
51 55
53 54
51 55
51 60
56 60
56 60
58 59
56 60
56 70
61 64
62 63
62 64
61 65
61 66
66 67
67 70
68 69
68 70
61 75
71 75
71 75
71 75
74 75
71 80
76 77
76 79
78 79
76 80
41 100
81 85
82 85
83 84
84 85
81 89
86 89
87 89
88 89
86 90
81 100
91 95
91 95
93 94
91 95
91 100
96 97
97 99
98 99
98 100
81 104
101 102
101 103
103 104
101 105
105 108
106 108
107 108
106 109
109 110
110 120
111 115
112 113
112 114
114 115
112 116
116 119
117 119
118 119
117 120
41 160
121 125
122 123
122 125
124 125
122 130
126 130
126 130
126 130
126 130
126 134
131 132
132 133
131 134
131 135
135 140
136 139
137 138
138 139
137 140
136 150
141 143
142 143
142 145
144 145
141 148
146 147
146 148
146 150
149 150
141 160
151 152
152 155
153 155
154 155
151 157
156 157
156 160
158 159
158 160
121 200
161 162
161 165
163 165
164 165
163 170
166 170
167 168
168 169
167 170
166 172
171 172
171 173
173 175
174 175
174 180
176 177
176 180
178 179
178 180
176 200
181 185
182 185
183 184
183 185
182 186
186 187
187 188
188 189
189 190
190 200
191 195
192 194
193 194
192 195
192 200
196 200
197 199
198 199
198 200
41 240
201 202
201 203
201 204
201 205
205 210
206 207
206 208
206 209
209 210
201 215
211 215
211 215
211 215
214 215
211 220
216 220
216 220
218 219
216 220
201 240
221 222
221 223
223 225
224 225
221 226
226 230
227 228
228 229
227 230
227 234
231 232
231 234
233 234
231 235
235 240
236 239
237 238
238 239
236 240
201 250
241 245
242 244
243 244
243 245
241 248
246 247
247 248
246 250
249 250
241 260
251 254
252 254
253 254
252 255
255 260
256 260
256 260
258 259
256 260
251 280
261 265
261 265
261 265
261 265
261 270
266 268
267 268
267 269
266 270
261 280
271 274
272 273
272 274
272 275
271 280
276 280
277 278
276 280
276 280
261 320
281 282
282 285
283 284
283 285
283 286
286 289
287 289
288 289
287 290
290 300
291 295
292 295
293 294
294 295
292 300
296 297
297 300
298 299
299 300
291 310
301 302
301 303
301 305
304 305
301 309
306 309
306 309
306 309
306 310
301 313
311 312
311 313
311 315
314 315
314 320
316 320
316 320
318 319
316 320
281 340
321 325
321 325
323 324
321 325
321 330
326 327
326 328
326 329
329 330
326 331
331 335
332 333
333 335
334 335
332 339
336 338
337 338
337 339
336 340
321 360
341 342
341 345
341 345
341 345
341 350
346 349
347 348
348 349
346 350
346 360
351 355
352 354
353 354
353 355
351 360
356 358
357 358
357 360
359 360
341 1000
361 362
362 363
363 365
364 365
361 366
366 370
367 370
367 370
367 370
367 371
371 372
372 374
373 374
373 375
375 376
376 377
377 378
378 380
379 380
361 385
381 384
381 384
381 384
381 385
381 390
386 390
386 390
386 390
386 390
386 400
391 395
392 395
392 395
392 395
392 400
396 397
396 400
396 400
396 400
361 420
401 405
402 405
402 405
402 405
401 408
406 407
407 408
406 409
409 410
401 413
411 412
412 413
411 415
414 415
414 420
416 420
417 420
417 420
417 420
401 440
421 424
422 423
423 424
421 425
421 426
426 430
427 430
428 429
429 430
421 440
431 434
432 434
433 434
432 435
435 440
436 438
437 438
437 440
439 440
421 480
441 443
442 443
442 445
444 445
444 450
446 450
446 450
446 450
446 450
446 451
451 452
452 455
453 454
454 455
453 456
456 460
457 458
457 459
459 460
457 480
461 464
462 464
463 464
461 465
465 469
466 467
466 468
466 469
466 470
461 480
471 475
472 473
473 474
472 475
472 480
476 478
477 478
476 479
476 480
441 520
481 484
482 483
482 484
482 485
485 490
486 489
487 489
488 489
487 490
481 500
491 495
492 493
491 495
491 495
491 500
496 497
496 498
496 499
496 500
481 510
501 505
502 503
501 505
501 505
501 507
506 507
506 508
508 510
509 510
501 515
511 512
511 515
511 515
511 515
511 517
516 517
516 518
518 520
519 520
481 600
521 524
522 523
523 524
521 525
521 530
526 530
527 528
527 530
529 530
526 534
531 534
531 534
531 534
531 535
535 536
536 540
537 540
537 540
537 540
521 550
541 545
542 543
543 544
544 545
542 550
546 550
546 550
546 550
546 550
541 555
551 555
551 555
551 555
551 555
551 560
556 557
556 560
556 560
556 560
556 600
561 562
562 563
561 564
564 565
565 569
566 567
567 568
568 569
566 570
561 580
571 572
572 573
571 575
574 575
574 576
576 580
577 578
578 579
579 580
561 581
581 585
582 585
582 585
582 585
582 590
586 587
586 588
586 589
589 590
586 600
591 594
592 593
593 594
591 595
595 600
596 600
596 600
596 600
596 600
521 680
601 602
602 605
603 604
603 605
603 606
606 610
607 609
608 609
608 610
607 620
611 612
611 615
611 615
611 615
611 620
616 617
617 618
618 619
619 620
601 640
621 623
622 623
622 625
624 625
624 630
626 630
626 630
628 629
626 630
626 640
631 635
632 633
633 634
634 635
632 640
636 637
637 639
638 639
636 640
601 680
641 642
641 643
641 644
644 645
641 646
646 648
647 648
647 650
649 650
641 655
651 652
652 655
653 654
654 655
651 660
656 659
657 659
658 659
656 660
641 670
661 662
662 665
663 664
664 665
661 666
666 667
667 670
668 669
669 670
661 680
671 672
671 674
673 674
673 675
675 677
676 677
676 678
678 679
679 680
361 1000
681 682
682 685
683 684
684 685
681 689
686 687
687 688
686 689
686 690
681 695
691 692
692 693
693 694
691 695
691 700
696 697
696 698
698 699
696 700
696 710
701 705
702 705
703 704
703 705
702 710
706 707
707 708
706 709
706 710
701 720
711 712
712 713
713 715
714 715
711 720
716 720
716 720
716 720
719 720
681 725
721 722
722 723
723 724
724 725
721 730
726 728
727 728
726 730
729 730
726 740
731 732
731 735
733 734
734 735
733 740
736 737
736 738
736 739
739 740
731 745
741 745
742 743
741 745
741 745
741 750
746 747
746 748
748 749
746 750
746 755
751 752
751 753
751 754
751 755
751 760
756 760
756 760
756 760
759 760
756 800
761 765
762 765
763 764
763 765
762 766
766 767
767 768
768 770
769 770
769 780
771 775
772 773
773 774
772 775
771 780
776 777
776 780
776 780
776 780
771 785
781 785
781 785
781 785
781 785
781 790
786 787
787 789
788 789
788 790
786 795
791 792
792 795
793 795
794 795
791 796
796 800
797 798
797 799
797 800
761 820
801 802
801 803
801 804
801 805
801 806
806 810
807 809
808 809
807 810
801 815
811 815
811 815
813 814
811 815
811 820
816 820
816 820
816 820
816 820
801 840
821 822
821 823
821 824
824 825
821 828
826 827
827 828
826 830
829 830
821 840
831 832
832 834
833 834
833 835
831 838
836 837
837 838
836 839
839 840
821 920
841 845
842 844
843 844
843 845
842 846
846 850
847 848
848 849
849 850
847 860
851 852
851 855
853 855
854 855
853 860
856 860
857 859
858 859
858 860
851 880
861 862
861 863
863 864
861 865
865 870
866 867
866 869
868 869
866 870
861 875
871 875
871 875
873 874
871 875
871 880
876 880
877 880
878 879
879 880
861 920
881 885
882 883
883 884
882 885
882 890
886 887
886 890
888 890
889 890
881 895
891 892
891 895
891 895
891 895
891 900
896 900
897 898
897 900
899 900
896 905
901 902
902 903
901 905
904 905
901 907
906 907
906 908
908 909
909 910
910 920
911 913
912 913
912 914
911 915
915 920
916 918
917 918
917 920
919 920
841 1000
921 922
922 923
921 924
921 925
925 926
926 930
927 929
928 929
927 930
927 935
931 935
931 935
933 934
931 935
931 940
936 939
936 939
936 939
936 940
936 960
941 945
942 943
942 944
942 945
942 946
946 948
947 948
947 950
949 950
941 951
951 955
952 954
953 954
953 955
952 960
956 960
957 960
958 959
959 960
921 970
961 964
962 963
962 964
961 965
965 970
966 967
966 970
966 970
966 970
961 980
971 972
971 973
973 975
974 975
974 980
976 977
977 980
978 980
979 980
971 985
981 982
981 983
981 985
984 985
981 986
986 990
987 988
987 989
987 990
987 1000
991 992
992 995
993 994
993 995
991 996
996 1000
997 1000
998 1000
999 1000
