2000 2000
1426
1205 1782
411 1291
463 1960
1102 1652
1256 118
1623 1526
1857 1994
1651 1491
1608 1179
588 671
930 493
79 1874
279 461
1400 1958
226 708
1642 966
1238 266
1360 272
724 1250
1567 1143
7 1563
1483 189
1414 88
1186 55
141 1
1052 1226
684 632
1004 1301
1349 482
1841 357
198 1152
534 336
58 1682
142 163
1161 936
1435 1545
286 1458
433 692
64 75
1612 1107
194 821
122 1660
1682 1604
1095 543
818 1228
56 130
1130 1978
1247 1995
1172 619
1314 1383
167 1475
547 1549
833 708
892 1042
157 7
1151 1386
1710 1882
84 1798
968 499
1851 26
1228 1239
1686 799
187 1138
1905 54
1149 42
285 83
1502 960
935 306
1986 1451
556 1628
1745 831
1867 1283
727 119
955 880
227 1025
1063 1594
1386 1669
219 773
1357 270
335 1850
1429 1453
237 272
207 1395
1800 1392
1003 977
525 1702
1779 42
1154 1511
1398 530
161 879
1005 1808
661 1656
981 1221
1535 844
727 768
1097 945
1211 1281
849 480
1378 900
141 526
139 799
284 1892
1093 1428
1785 561
1860 290
1104 1659
1314 1956
875 1174
76 1951
565 1154
1783 1546
905 164
1722 741
1179 1042
904 250
404 1182
1749 1402
1758 1097
1395 1745
1583 798
31 784
1632 51
1833 656
467 82
829 504
958 656
931 336
1024 1909
576 1216
1543 1358
832 746
1861 339
316 1925
1488 90
1181 1355
1296 580
334 1249
1297 4
564 1972
1339 8
21 10
1300 1503
287 1118
1019 296
415 238
837 1215
264 380
729 1620
275 1305
780 157
844 1341
874 134
1674 587
646 1569
1294 554
308 1065
78 1561
586 242
1997 43
765 1601
1382 635
308 1717
705 1004
1763 735
1296 664
599 228
1419 1593
1648 1567
597 1451
781 151
1832 1864
1759 186
580 1853
515 536
1046 1199
1868 578
1389 146
1348 314
1134 46
48 703
1417 426
449 462
99 378
1688 278
67 1241
1240 1635
624 1025
35 239
1908 299
1472 326
1295 830
87 1286
1783 1873
438 899
960 1368
1348 499
1968 1786
1580 711
583 919
777 1539
776 1664
527 608
1791 84
570 1094
1939 1189
185 565
420 1672
1020 378
1887 810
1756 1202
1667 770
422 1710
626 1477
1786 423
1859 1261
1159 1171
1365 1473
87 373
541 88
1755 1661
832 1517
1666 216
1956 1530
1435 1948
1050 1478
1649 1689
1986 1107
1559 33
590 1274
850 966
509 1472
688 39
1417 1133
54 1547
1747 1474
1801 181
1397 1964
1328 693
1959 397
1298 1746
1887 1042
1541 891
873 324
1706 891
1180 439
936 182
1458 1485
1430 1908
1729 1719
1461 168
1103 1540
66 1393
818 688
246 1465
808 191
432 1627
104 955
890 1412
468 1903
1853 834
168 128
724 1234
549 738
1163 1607
614 798
310 807
1927 1255
784 1942
1993 711
883 366
201 913
1586 1473
799 737
350 1062
1107 1781
443 537
907 1808
1508 291
597 10
1342 424
1793 1728
882 484
1535 786
1919 1880
996 1032
888 1864
439 220
1184 702
1823 1958
711 1670
205 151
719 1032
1358 416
1806 206
1101 413
327 1657
1121 890
1695 267
586 665
1954 1059
124 14
705 643
1692 162
39 1638
1688 1090
1062 482
618 1247
1608 1448
785 1622
1791 888
1309 1387
666 99
53 228
1504 1623
1085 457
891 1663
534 881
660 1862
1583 961
1737 328
987 1065
22 414
1342 1480
1185 1898
413 1283
1900 1078
1905 516
722 927
1640 1937
577 101
1423 1199
1223 242
299 1462
1656 305
308 786
487 1578
1613 55
59 1601
323 729
1068 1897
1979 1364
952 961
1048 1251
1868 1355
1732 806
1929 1768
1093 22
1494 1661
1497 792
1543 762
1729 1017
304 1583
1649 249
1168 1756
1037 513
934 1190
804 1698
1782 1280
1170 878
1200 1923
1931 589
861 1481
270 1323
790 1552
47 97
1841 1233
1941 477
568 312
1554 623
22 604
1799 1322
1411 1126
557 1193
1499 495
1533 1641
817 1565
457 1913
1171 1473
500 1893
1266 801
1571 1099
1524 1964
1905 176
1456 962
1177 839
727 1070
709 1432
382 479
838 1617
1710 1500
742 1235
237 849
1926 1141
735 228
112 298
1286 921
728 1058
456 1117
1834 1222
588 498
1208 943
1762 1110
1739 1758
256 1501
1000 172
1725 1597
835 1074
2 982
879 947
1435 36
480 1521
329 1041
532 1569
709 1727
771 974
270 921
571 709
1384 1882
974 705
1181 1005
1021 209
1703 1480
750 501
538 236
651 5
1174 688
1940 193
536 1333
1085 1755
1676 292
1620 169
1298 1323
1507 59
927 615
489 961
160 1520
63 775
136 137
355 574
33 140
883 1524
1349 1803
1024 967
6 130
1837 1572
1322 530
962 399
1376 1602
667 511
112 1807
135 1224
1566 597
1087 610
1767 1973
1722 1699
476 771
611 125
886 1517
895 825
1691 1577
641 127
1139 1592
1007 1663
736 1389
661 1726
1688 684
26 713
178 258
1778 1996
1637 58
947 632
1598 371
597 1401
1629 675
1392 1354
37 1020
1106 1269
1024 1574
157 656
1772 899
232 1477
1829 1904
1644 980
68 1553
1581 1854
404 874
1358 336
684 1856
1897 678
804 1320
1465 1725
1299 1010
715 299
1977 436
774 596
1746 162
360 37
1442 1287
63 302
893 1391
1359 1719
278 1631
600 1754
420 487
1677 271
702 586
542 1816
1674 1578
1242 1549
490 636
847 498
1266 928
1170 1902
143 1742
1529 1178
1831 1190
1280 1057
619 723
648 724
1972 373
1859 1752
1606 911
126 1662
1422 1673
376 1988
1969 1016
1322 509
495 1281
1219 1867
1006 1078
9 1660
660 1273
413 1322
548 279
1128 174
1279 553
589 157
140 1775
887 387
949 1743
874 265
1431 1093
1163 841
324 863
863 491
986 424
443 655
1119 441
948 1282
322 640
148 447
1358 1479
385 356
1690 1380
297 669
872 303
242 898
1462 73
197 211
47 1059
1144 1105
1045 1643
319 1948
86 1284
1720 374
1290 1701
944 1377
1928 499
1105 848
197 1339
1469 445
21 892
1011 1922
331 111
1222 104
985 387
1962 1429
1013 213
1916 560
1171 1511
1604 431
1309 1405
1130 131
1696 965
713 133
1087 1273
782 1465
942 95
1179 53
714 1745
1907 1563
1740 1859
1315 521
1372 1682
1781 1288
1692 909
802 967
534 288
193 1947
1170 693
66 353
1734 1555
30 527
1593 733
1737 775
756 1185
302 1274
504 1886
467 1798
1549 1567
1158 457
115 1792
856 1750
1047 1295
730 449
493 1072
1344 1165
174 1518
1820 441
901 1616
1406 158
1024 668
1269 1910
928 1826
280 948
1153 1053
1872 1608
91 1936
336 320
1176 184
589 928
1129 592
808 201
1760 700
1530 519
1776 1409
1214 1791
1252 1623
17 1757
721 1110
1355 763
1509 1344
949 1300
377 713
454 1679
623 505
385 953
1328 147
1496 888
4 795
1395 183
1750 741
1772 453
764 171
859 1709
1810 1861
226 437
122 878
1815 633
1186 534
1605 549
983 1410
454 1307
1396 999
1702 496
163 942
1982 1184
1671 930
521 1951
162 1075
1513 939
1702 1918
314 1180
1384 483
170 1639
1994 1419
691 1499
1953 1501
375 187
674 1408
1290 83
1431 301
566 1415
1788 1513
1381 1972
352 440
1893 168
1253 212
1707 1879
1325 1788
1653 358
309 1058
1106 358
1845 1158
1058 888
645 1254
758 195
143 1357
875 36
69 405
1784 89
1385 96
1255 1347
1168 633
1722 1570
274 1445
423 1253
902 1135
1162 639
888 1783
1305 129
629 1987
156 135
1312 1470
465 573
747 16
158 1952
839 777
1286 430
1730 476
890 1526
13 1767
1105 125
1915 560
1561 1263
1502 1811
1601 1659
1286 1779
1487 275
1797 491
863 1862
1213 751
390 1648
800 700
797 315
806 1173
393 389
1149 1631
1469 728
1822 240
1254 1800
915 572
1598 1895
366 1359
985 1319
384 1297
738 1793
1078 1261
830 1347
1856 607
911 859
1786 1171
1162 1867
672 267
423 464
1689 1281
371 1757
523 1682
228 232
1390 589
712 1578
144 865
862 612
166 830
1211 1986
1541 696
75 1839
31 1894
981 1466
1592 662
1234 311
531 640
1480 1477
391 1703
46 1313
1314 1694
1288 1859
1259 425
1314 1233
1664 1953
1063 1929
1310 1885
1020 1211
1850 1415
2 1948
1526 1134
403 1417
1380 162
1521 915
615 533
461 12
714 1490
877 721
945 335
188 434
477 1211
1427 256
118 231
1956 1793
1659 1265
269 1020
230 1138
1212 962
549 1860
263 105
1546 797
1266 1201
920 757
493 1885
1168 126
1377 1677
1749 710
1159 375
986 1518
1715 666
1455 1096
805 1795
1528 97
826 662
502 1192
1916 395
489 450
619 828
1285 506
1329 109
833 545
598 1127
888 1777
1522 1787
1466 1717
1968 837
711 1459
1765 1279
1452 926
1602 1603
1859 214
1166 1090
1583 627
1324 1368
1633 1398
1214 628
1045 556
1335 52
509 1495
1550 1598
60 954
1598 376
704 813
1786 1892
1830 401
1782 98
581 182
117 1894
1873 601
924 1157
767 1394
1564 983
1469 122
1311 231
738 11
1957 1715
1161 1395
282 1557
1093 282
1684 773
800 1446
797 571
459 87
196 112
690 1294
1483 1905
632 1422
303 848
848 1120
380 1948
965 1248
1674 856
1060 1569
46 1182
382 1963
665 1890
1133 1265
1464 1391
1227 731
1974 1397
765 603
1830 308
652 330
1154 322
1605 49
72 1434
1824 1122
1233 1597
429 164
297 373
757 282
416 538
1579 1672
532 335
402 1939
15 1772
1004 401
558 115
432 139
1181 168
1329 400
1003 223
525 403
894 638
1704 1213
1020 1176
1855 638
1806 523
90 1239
1720 108
1137 741
1263 1189
262 314
1568 498
1347 1597
134 980
621 1993
652 1169
488 575
1165 1683
597 1501
1968 491
1950 1077
742 573
689 58
1047 19
649 195
1679 1539
360 391
604 912
107 1420
256 1335
1503 992
468 688
743 934
49 516
1657 1895
239 1949
679 1823
166 1519
162 1041
1420 472
165 466
93 1676
1509 1926
1856 885
1081 669
1816 1847
557 256
150 39
1036 1377
961 1865
1172 549
502 1358
222 1717
501 1155
673 426
1228 529
1442 703
901 1301
988 1211
1342 1327
1809 435
959 830
436 1433
163 879
1207 286
1445 1674
1655 606
400 272
1124 94
1282 972
1152 1854
1021 537
1831 1735
228 1595
476 310
610 126
579 814
1071 1537
631 1400
1738 244
747 488
638 608
149 31
232 1031
1535 298
677 94
754 1351
23 223
1826 317
362 153
636 428
1707 486
583 614
970 1642
1967 972
266 343
145 227
1180 774
310 728
1557 262
13 1891
1112 275
1480 1114
1197 1891
777 1788
1618 1519
1280 629
971 327
224 351
970 358
555 1737
1824 1417
1140 430
1336 912
616 604
191 699
1571 318
1260 621
1346 490
408 200
1853 913
1606 465
1756 1581
1405 522
336 160
321 1454
1131 1052
1940 315
1080 1411
510 1681
287 1604
878 864
50 1113
82 1783
231 1632
1886 1917
77 80
1130 1756
1406 1572
974 153
1040 346
1878 1913
1784 1355
723 112
1630 140
917 280
1131 662
361 257
1878 101
1199 666
1826 980
656 890
467 1058
397 1070
1335 1138
1412 1176
202 855
495 1067
292 1845
1209 541
419 1694
1284 460
725 88
542 556
1868 1522
1750 1686
274 780
1626 292
831 1206
578 216
1613 1939
1527 1473
621 1071
6 49
1718 1901
1140 1348
660 491
1242 1111
361 1370
1571 1313
1703 834
1155 698
1836 98
875 1907
1559 806
805 455
339 464
586 52
1871 1804
1566 1396
611 37
413 831
1974 549
1527 294
1575 1227
1592 1911
285 1333
1426 887
1562 1633
247 1750
859 846
768 434
896 715
1149 1724
1740 651
906 1218
257 1940
1705 1487
1773 1170
1029 1168
1443 11
146 1681
167 1085
1191 1951
650 1454
463 409
1124 1869
699 1396
914 1204
1628 1102
722 624
539 1975
639 1934
1170 1472
851 1230
1854 1563
3 254
1077 1740
420 1199
547 188
665 701
1024 345
318 484
106 193
1909 1527
1256 1594
584 1353
289 1793
876 1705
840 1311
956 1176
138 1840
1773 92
1799 50
499 1651
1938 1663
1175 333
1316 174
1461 1648
708 806
450 984
1710 1391
679 522
1385 92
1078 420
1338 1697
1183 867
1134 1864
458 1863
1992 1377
1172 1215
1009 582
1688 159
646 1598
1723 1284
679 664
1895 590
1661 1479
1789 235
1943 756
672 907
1089 807
279 1086
213 1358
1903 527
600 578
1755 707
951 833
244 8
963 616
799 796
1588 426
1396 1268
636 219
1965 1082
961 1520
1511 278
280 500
1806 1906
669 1056
1326 27
1971 180
1184 1417
1395 918
1051 1430
1897 1366
18 1438
1284 1703
1759 1298
142 1524
900 1451
113 660
1918 1189
1921 142
260 510
767 1814
1644 1378
345 1840
1975 349
172 540
347 1347
1673 1783
346 829
1203 4
1389 1316
733 1646
346 407
97 1496
1142 653
609 740
1113 1664
1870 1602
298 1540
753 210
1929 172
230 603
934 445
921 46
1894 1695
233 1679
194 443
1153 793
642 697
1041 611
919 1282
1940 370
273 1700
1028 1287
1105 1019
101 391
1408 986
29 727
1944 461
1412 900
790 379
768 1585
1645 1493
1793 1569
666 106
930 263
1380 517
1102 975
1674 1447
920 1593
1361 614
1621 1
394 1239
250 901
929 22
1572 1243
1775 1056
291 1958
1190 1202
1678 806
1996 1856
270 1810
1087 409
1783 1246
1834 315
610 151
1094 557
1140 1406
769 1045
733 953
1259 1077
1000 1675
1420 194
50 875
536 1557
1995 1975
149 860
326 1598
1035 45
1912 571
1144 1293
6 1238
1258 1321
304 481
1827 584
898 597
1623 1910
607 500
109 1684
177 1023
8 1098
152 1243
1415 1635
1810 1414
1541 1941
1595 1468
1570 913
389 1609
399 1998
1986 1450
1064 956
837 1256
501 1454
1277 892
169 761
430 909
1967 506
975 887
1996 803
1758 146
843 791
533 1219
941 1797
856 262
470 842
485 1508
453 1102
997 632
1377 513
576 811
453 1724
1057 862
1647 1088
1955 1697
432 829
1663 827
137 694
918 1998
839 1921
538 1283
487 879
270 59
1643 1395
1325 1236
1765 130
584 38
1035 1345
1057 801
1785 329
1580 1527
1475 1013
1962 351
1882 146
1705 1290
1725 581
1322 280
1805 1122
1859 1215
449 595
349 1976
1788 1637
881 1835
218 736
111 1104
580 1676
1150 1383
796 252
1277 1215
67 59
354 1700
610 1905
1562 1848
220 818
1173 1199
313 1465
160 1430
83 756
322 1736
98 571
1250 351
272 748
373 231
1986 96
1154 487
922 240
1178 1757
291 51
826 1078
94 1429
870 619
1342 289
1459 1536
328 419
1669 1938
154 181
728 1501
818 513
58 245
234 206
1931 1099
1193 1803
717 478
897 68
922 1289
293 559
236 1762
631 261
602 518
322 814
1111 1017
1756 843
1950 34
1592 1668
613 1464
494 464
1421 1646
125 243
1475 153
1716 1872
1976 1358
204 826
673 1460
1937 1850
531 1090
496 1088
