400
328221924 687854366 323486001 222879258
610139219 375422502 85686089 193863569
776763941 311428046 213149823 81122972
26126816 819694296 287399140 86235510
150192518 992347995 34732558 94161954
580472588 777539967 9549902 21714980
135901127 108086500 91247156 295731274
626838862 873448293 306877998 138751842
627912817 596057155 68857673 49797782
921621064 678638609 260102107 288699940
111301617 188003576 160973623 232072132
850471829 21837343 260148603 70158213
70494069 530311380 12523717 70128243
262764634 851787178 320738184 137475525
103196760 54120316 214551526 135399135
113541090 319604288 192295709 292530101
963322718 685689887 325997535 54239507
508750910 444128857 280171066 99427941
136071986 684746419 168183054 230758987
706787576 39700047 290549396 130337552
942861489 391197604 77336823 247148733
839834490 481223471 166112356 150919076
208653606 343685 147996363 263580722
986883150 528879463 235281481 318068673
34827401 21538395 323675439 132984973
133871420 207055656 60885447 225770057
951157778 33468350 321471375 263169990
770630430 304723725 202776419 36019228
822190570 292603317 46380383 126000063
850089635 40753726 26884595 122274554
512485635 582121100 254632144 38283100
216381628 829169197 284937036 56335582
487797896 119635598 4118522 78308142
754881011 744727173 94885090 93786523
603001899 470548072 112135975 326156601
128670828 640514017 243189747 177173490
342494882 848269586 182627908 221594095
595293961 126757995 37117826 292307667
616827190 111001455 231126714 229564951
307431826 954006672 210544330 143289645
36863838 95218124 248654826 264761819
510227606 286133343 286838608 137134814
574848861 103345815 204782633 158371655
20150146 154049368 56583203 74873
258373705 67887473 130570594 113123797
748611778 958931914 30202969 59611550
602364437 701163895 218795371 261408366
80303273 37362189 7380706 197554912
637125395 813033017 207454052 314276078
21216291 99900629 178459825 43704612
445444283 454054133 278398735 140283964
511498091 164338268 162262007 292931591
817206915 638681034 315165839 187512953
964635887 74263378 42535491 34516190
634458313 84542430 63408468 220882625
71012261 295124667 287187208 34421055
731500723 136239227 141060839 240148189
390277483 771560615 239290826 228122447
137094507 690387690 158410950 229073920
400139334 370470975 76879279 28967355
864468936 48013522 323546491 92051040
10572050 590768490 22073123 54214067
435702706 729105244 196795987 121296680
109742846 907026790 205811249 287640135
723497221 765367227 99921853 54354611
857380296 375346696 292431628 101248778
881146616 383928594 313653632 326494294
458811554 779478542 171903801 44941907
668839462 255412630 26557163 247425556
49947710 952522834 20311092 281249588
691756142 16480577 216274194 52818842
705461664 436954955 321989454 26067278
722036907 637168524 204568788 74405409
244702411 282220866 308852148 84847644
349663357 69744679 258689042 72772333
604828677 315456282 196235570 292302748
82646265 761323087 309182823 14201743
903916520 618594534 209626251 323323818
311219889 195472103 130455387 20299752
313938727 793825782 328152772 200404515
41293719 386300446 41847569 201908224
447341702 131720561 252628846 247774984
383347749 474659637 183570630 41658367
413942920 439107001 110516489 129849372
876447525 863201096 235434849 296733710
87873309 210916999 200634505 189570752
494348973 56425809 80073573 235413666
481082590 279142369 108160597 92092758
956195539 951255244 190762432 313735870
227851378 327729217 309024003 32769211
93284255 165394669 277679193 50017412
866467888 639166503 91530155 326809425
460250977 995035717 110119625 109245293
683080815 884642615 159125319 261707551
813738274 323290216 197995175 45681989
563950233 466215014 300874167 282269593
655111001 301918832 326751739 157389042
233735339 435213982 105055565 230268087
143151280 554840092 283059410 44663439
979571435 840431915 265544193 86830333
764486320 326903433 2812600 153006265
135339006 457474863 121882709 27743183
68670247 735084662 220788149 179130485
666933266 430231163 110678865 251790719
96774608 284172580 84904326 57848669
245432757 819727853 184724973 115348345
970822494 825868524 185455502 78128617
885087983 54490706 330578648 72927739
520760964 79138548 122515271 255127815
652795903 46772392 124560736 176534303
227044395 649667818 160138973 118321153
395199022 90509424 211923795 275319034
252690118 387626301 162817681 249248150
69021302 192815106 216958325 235787927
573305339 576670256 169943542 117152768
781481505 142631255 71381173 82270593
779801911 830982308 233477310 60137734
759018921 571103839 83281755 37918617
532966788 211476051 318848478 11639091
197173754 331999351 83893879 18787198
772300226 451697686 121278230 154175573
9038447 585306633 85622363 270304335
966975321 945446392 12301298 146082422
181933935 894399058 239067245 90576062
783382339 877693588 330945467 217801333
274852437 545734 41845190 73060102
49409550 936075811 160940749 249240065
30122123 603847410 315332587 167775130
492019072 552485348 28249314 103453336
767385402 452629304 286951182 118030303
704864950 145400992 44377364 251316831
819058996 347330274 178991012 18786910
71483455 979052706 252442956 292193944
304475668 661983047 317095998 82107228
633117295 813867952 21971383 247284470
729213539 202759738 207168953 40864999
867723410 265888287 18437045 72193236
23440091 968085230 272334133 291733207
796281621 134582884 72707800 81782651
131464471 910158175 295391417 120965287
92524449 73215687 154216784 153179017
439790931 74931184 48115716 108796776
135799245 750260795 68834820 109093557
377322926 147190885 83509694 12361990
706504428 782820327 43064229 86612104
391678811 701360194 16003948 2509794
721356138 80385823 196586883 95823877
692110454 528951420 297179132 123508778
232759225 62051513 36860058 39808811
540709933 354011599 9892065 241133310
218844246 268716983 168206834 297096114
639360980 524783044 313265473 237035776
619559720 939476578 128551827 201990701
833532641 940229678 48485294 101123801
476634532 682559208 62433425 118310662
121891369 721801317 179596110 257279930
12147064 730698533 184228710 141310172
920561250 46213887 141852104 76234765
474410353 955488401 137138447 213711090
139562227 363168437 83024325 14381047
622511554 11343088 331368942 234149197
948457640 749405571 267825336 214681234
374956072 169665000 161000223 130645625
922662522 209575461 128241808 315778351
99105777 809424317 166392250 87434404
179689382 677418786 233373417 9984438
646162673 231225426 74467221 76538468
625233859 460945214 258992076 301216226
812084784 450371197 301814076 232784312
838193791 823282789 10013630 39807203
610669693 701164432 227820730 145944808
712515439 671129373 213553074 297937629
201825348 994906995 220484530 164135017
41172936 89741368 188108485 110028872
967791186 418282496 5411766 94554516
284303889 937309620 236882457 190210934
419484196 875030843 8680173 103231873
644247700 258528920 69457087 45276165
295770019 729533369 76153834 269807830
663657666 857291716 34066284 114330053
133243442 390047645 77328733 111180103
537670488 809667012 283733154 297527279
540485610 878782232 114582667 320307565
705155954 386832857 66811325 223603526
704038781 937859069 67386897 181012438
536169924 566513050 256474061 234634705
969963300 417780495 158215547 210593304
84569621 313386183 97153362 102299942
465176204 375968742 136052427 267137230
876040053 250248711 283400058 23459790
737606218 672078636 321280471 202130108
577555151 136300189 225186946 184131936
425965282 280977248 68050577 264730630
534526791 867664130 83719642 149005316
610865867 496272134 19254384 152534700
44149702 580640002 317471507 276048237
75010349 126018048 233106655 28521026
12506603 892546056 307917337 72531362
411356479 711444632 187278634 292094060
773208927 691849864 89677515 157274587
799028280 846019041 12423740 174655428
68085204 492201549 324408993 28432461
561425482 982397897 100138517 320116041
988217609 127790337 81508732 282303570
433200669 834063747 150281722 18903789
132854224 290911660 12805577 31564987
780235249 671643133 258382806 317816589
751564428 44512936 137922724 29335765
272430386 95323870 211777534 61579469
26484470 33829064 296045702 261941088
102372860 446239967 275546573 233478089
613601948 591450336 284795365 185397755
18710516 373486653 95459984 225649973
42958803 454079823 43503899 248854228
439317897 567099687 45330551 91661563
54566699 712933174 102066930 80258733
178725596 658936660 301572147 39453301
556597012 80176124 174164506 52571862
959488911 675405048 81550537 111215311
323382176 950588316 52455104 144620853
484132932 6632835 289708377 6528205
442327695 406145723 54786157 9377458
279053464 94751241 303848430 93743328
328530826 230097917 97271211 150663812
323451665 971006292 307832619 32507502
782670157 999974018 22948965 185491178
648425459 754647729 118923894 239556066
834429978 989387108 122873875 84203366
51663017 155390034 300169880 182736218
41960265 289994342 294494146 72917119
816145 625008905 308443965 29609927
23743721 421722277 190257634 183182554
502087537 121968490 17973966 212492405
338998131 60433998 80734461 272206714
82526345 331784803 85114534 295847230
879734999 281201792 27811273 310044294
912066601 158052493 77273618 87876882
722458895 494091321 21035941 135498702
90987304 215244858 257850053 190119424
125944689 126473853 118037017 277335587
481134392 942757161 244885801 225094096
779206778 566000212 205968646 118861201
126320233 788769498 99049816 126390638
972032719 838767276 205243931 232608283
575650743 548191060 75616318 150923193
632369901 137318876 166390179 162679920
110692358 124079307 194274706 333156830
121426338 141454819 166728898 227229527
710666304 11993555 298156418 161847175
341103504 85699657 311881746 33374953
232548169 809800615 48381795 293940381
836540332 950884787 94780978 136937909
205911944 165870685 147790762 73702320
764294762 47850352 61965281 47187271
899450211 715266816 2215712 310035177
855822598 112403821 304683871 317774059
36762718 543177931 31464693 5729722
4111212 377646574 291775528 292411295
3981110 131484485 225361738 71362849
196496727 838108444 203006075 60508764
649454606 871652182 184411479 133300834
561656411 568654306 196986899 43108515
164260239 998312250 137213512 209670938
614749788 348822971 163612393 151389601
784369153 283207310 41480613 25422381
72178555 362653680 21438014 20369924
345835884 372936800 236993779 53078644
776986584 112926722 169813057 168560435
708752909 711313426 3271127 290723509
457663803 462075239 130990849 303579893
187554052 862425009 55470785 289563891
502355129 324419940 191246953 82305103
566849710 598579650 160253127 96462012
582841748 941306441 151621544 151319943
162119855 739121783 19870758 107847616
911629009 600399759 19387366 3731609
684578957 294111445 104500897 75699996
869444129 268725109 97759095 5064676
15608617 341004179 104182786 24175712
691234558 485647808 178166985 83576692
463609563 608215797 53702232 89893117
494051251 140558027 46021774 283773079
960425607 31564122 69720839 86203320
756658835 559844083 173628669 206375242
58561938 141438343 37300415 95423385
99468706 466721079 237545771 267777764
111114985 139225424 123799622 33045269
134000122 15645101 80502680 131259180
45755880 219912728 253846203 157260741
17825850 537290720 76378599 314025996
809031766 323400130 104857547 70851751
440876292 782219266 323945167 223852526
45521779 18818024 261083120 263382921
712939974 570859599 273307369 9413044
438707471 838066718 168383859 221857058
964414871 507131113 137488091 322514669
596754528 904703800 172529035 52179428
147756093 638520891 104459418 163403068
25217036 768428787 15953245 171533016
922276019 156070481 332357708 242151434
699077846 518308179 11875416 415840
791024196 465365367 260263989 313474360
676112810 92004587 259162975 233070301
92307160 923228180 126654880 325218949
401939193 201425061 250089083 199506394
771921372 733770871 302577685 189980039
382291933 702407879 318264655 54918125
79879985 951568870 166907321 272472072
99947310 482210410 54543935 330305013
984070961 509059174 308982876 37524078
344400756 668039199 149939517 43248629
371672590 464252779 221683630 197094123
934086552 880181666 138861700 119774348
648234562 486704075 63138875 111095473
811270433 441454400 94395521 92891905
258088223 564758793 23297405 50778609
129525861 978668119 231140188 219674551
338734429 923361778 224552819 56739454
27194491 791260267 138043370 145897358
915023289 666005250 198785114 74641857
619693008 677659278 313688500 216544414
721636690 707677415 296171926 265213899
311363349 459120676 199107722 172437530
202110101 338299725 80914328 244733152
43353916 90766582 133870832 315330292
462536397 751384011 307211712 216167829
79292599 669306956 189316367 298708198
816369357 446745610 183953886 247629246
777389185 82485719 3488692 90811064
548146472 785871046 110224267 53813073
345685718 996580485 303231637 228373694
516342834 985555283 19588598 238354187
851749635 230107737 283487688 15440219
147160766 15773168 85441102 46122167
275101875 104904328 42949703 301136123
723330123 897413366 48772676 176557343
724330488 530678745 284731085 96922648
734816412 28449428 179956799 121398076
813905418 630490708 306331586 93632653
725952561 23055892 58443754 79289368
725022738 634927682 49959292 29007551
88535816 401232491 208786430 211528111
164494402 845943919 104353355 194952541
544725293 268174062 92913420 71198122
64351811 815069739 78902354 114436674
132260818 847933831 315377898 26302523
26310452 965602323 137284055 61953807
765479482 632086569 24830317 149733390
865718287 718502956 38262851 327563978
12652303 46358662 94268549 232652253
107616304 111930904 279635774 152338323
891125110 588752786 44229102 219105833
724747467 96393857 15179868 281568179
751347785 491339907 1489341 298964452
376755749 352065281 303358722 98633683
123386954 88294648 56932053 226775051
417753697 62326630 11279113 137967157
679135780 152432427 110104824 311992178
193429221 467637561 275139883 300318638
417254318 259198365 43046213 28286256
154656278 645813248 260535638 111415973
658477576 842348613 267232774 216190456
215115525 24612546 117990435 34803474
826418728 842799541 256045081 36900037
349092841 278038277 64888861 146194327
256692102 76978332 94793800 129156743
120333804 106588704 227948303 142580572
4375809 322739637 201015176 18762203
803716553 184928413 142628522 240590209
132387619 38616013 272230870 37008947
825021335 979135507 289574294 255000748
457626252 978439229 138798498 57538333
679104775 985836461 243358529 207863397
397164675 767501043 269895681 326019110
269366883 353657899 174373773 88905352
72554072 231516958 324773181 255381943
177450613 705133849 15314122 167210990
296429035 713691977 324872139 15554466
16811864 29602263 228301821 93213949
228230790 469077182 34379598 174095427
39044756 35663529 168268075 216320789
51100380 436568210 243245443 231430122
894613410 234552417 135458399 316629367
125277097 998178413 242320121 45262130
304352837 745046077 12253676 269902596
657398889 99746802 73906416 241023420
519406663 939721758 308829863 161810941
86640542 759617078 220243637 284118555
872882506 75468879 35575748 254459298
154448919 662719251 117736340 295544021
323137693 782024760 223538208 154731863
123191765 895698997 278972215 307001696
411714959 293967051 137316182 142283858
556939968 401786675 140043752 199541051
561439800 75556876 54896083 131617695
886403004 474190761 205267883 204850799
401023033 190414539 6151383 315183365
140617955 926919757 20275668 27332899
163970708 634153449 255660476 251642661
852832865 256085171 259202182 107181725
