1000
328238731 970329615 131985760 60339268
754248149 845633774 186713633 170897466
88058217 171182108 222563948 196561138
663127661 893937338 68873794 76274365
591474845 8879724 191444732 237704566
329533244 104889489 274367612 205661823
805547040 92173786 288740255 33344887
520190678 231759981 114293448 294742687
191526329 697986422 168764502 88008749
132718396 155534111 240855039 73258762
641813584 150530601 232058035 35741154
102113667 177929088 283240499 155901990
656134263 320014090 177741737 281899081
773381342 294661475 278103537 161713682
501237 981822512 19577409 265460038
56268812 255575307 153540610 310981459
934636872 746496740 230871846 101603266
396575491 602503790 22098032 257700256
731100621 499670785 305806920 228148802
580042992 147254583 111738507 303522240
573101957 660417698 111412452 244778253
556897360 833157666 80475796 227912499
207489410 908537983 315445218 254735179
740682655 483642698 23871252 320649925
919764117 681185085 235363211 210887802
140239274 211900553 11002652 127908903
133785268 113604061 230474238 819054
770869077 227717982 106914381 162148478
865666668 57963845 54900686 120116047
45704130 497634125 80895582 254881317
707885895 171794657 261073738 113820793
274098023 206011518 151572502 238206779
876268902 801546560 94766150 331109859
77723093 60423378 256749191 112270029
528703947 787372784 39776314 327866188
248435771 544755201 104171153 161993214
306642851 578605729 153850215 101371442
136731296 28351354 219465483 208760118
887476285 539976774 250043502 100093193
579544115 205079785 64676254 53725457
569099961 118347630 84700640 34571923
571162844 74978790 55251180 108789325
462077580 837002702 153174526 60287051
218091509 502368106 209191047 117967797
801810255 358032632 331562236 90888745
499209163 782755484 286581260 246216775
1763684 163406280 197391886 65819604
617443896 738560962 205258535 136603232
926461130 421249285 163949012 159455964
64262333 458696640 307764189 578450
925019527 962031428 250793906 42390713
192102136 785640083 168891350 64338292
39329584 380316784 72838411 255773186
762128065 493900941 95114839 90529420
206508474 454332160 322897897 261883250
826265949 422526535 134681555 174423831
116079843 38753019 94073732 224020539
818818039 592533269 284609384 325272693
157730954 989306674 125524706 206230062
862990741 180815343 274092490 320039809
610000969 992316977 180079698 10168232
794743013 45001992 20176152 50743842
642182308 52707575 198073831 123184318
770503654 321483140 224573234 37211336
41658777 79379311 207385051 183885960
232292068 7499824 162140304 276778958
374350898 735923817 106231020 304265572
632888291 466986440 69167471 265629118
506043662 833546886 32161746 190719487
718254358 488376891 260869976 73024423
108298118 40781989 294879415 16817992
229564168 49819689 281690869 214407677
865212638 17016223 169296683 79797205
218797317 834486349 143835929 303112251
820844130 285306354 272536366 298710528
99998730 784899859 300686868 171766133
203851665 898499884 130011527 217955046
259315889 870788432 33084092 305681303
353251799 458168679 24258250 49141037
621126084 141047493 222897002 233574815
787768538 582096183 148013721 213862149
737965422 266769323 105785164 177417849
495923780 399898225 258614237 22562925
257941797 251260658 318345532 148560257
476224779 31270056 215299449 27877342
383035142 663124729 156820812 273428317
42186080 937783400 69413574 106914945
171627625 267917226 71238062 31525891
671641485 104372957 161777139 303370955
519393088 66071802 139004400 155490227
874060818 197500771 199873444 283320407
39287307 462745823 330744569 262571047
990106372 659975373 119707117 87964397
290308916 932067000 170997644 299054029
186300033 113480499 301251351 179150140
545767559 812690970 234454398 87027199
22714951 311054063 243756571 329009245
583949239 227554855 305701117 19599031
80368283 568458768 58063379 10603725
123130215 861228147 288335710 216979574
592919869 673077975 270635201 195442055
292105316 59390742 59933378 159746487
394578640 253683738 240861799 68700123
785686495 948937834 251263278 37167685
100978191 628358201 305841770 29032127
354101001 698321164 18989021 84531468
782167911 148660084 132845434 54297054
231474276 295255209 312551218 303303558
644188169 50969981 287295690 258687089
343971905 109812805 268677390 80569680
316882760 89085954 138176780 122461622
471623030 206107327 154705472 12971563
7141375 558967165 134320039 186353483
108800065 94092052 316782212 221447178
518012652 132898998 43428279 214256805
380005165 923403749 263292750 234866812
124511063 801325435 132930815 8478540
9353335 21135464 327398396 65054486
546022136 589377893 125145812 272488399
374355199 808210724 223199433 376795
37809465 394459093 184919535 326732502
70420700 90177175 277287215 326691709
739334625 449622605 271796881 88421349
624835655 210781527 50068511 168674929
131048044 353720527 205790833 285962902
451529601 798262350 191268748 241575440
304257631 292402482 92225745 258983777
132425243 877984003 250316412 58590936
531788699 738687051 176952711 141988899
894531349 2836837 20019577 233338130
653263745 112836876 221297825 58335014
622460355 298325142 35974288 58762845
29110552 427737720 26743393 326894935
104455776 532544336 241614632 296290910
784161005 79831168 4789640 257727110
840981320 428642458 200289430 165679502
778021275 968604114 69949600 310809965
895797216 448921967 254763986 313706175
631782097 995515283 39896044 192684651
290041938 739935048 10535153 303973945
270949659 978548945 168644996 108781095
665210449 392133255 103770985 241463602
572080012 457435837 258951305 156349590
943534751 969293803 109984073 333028353
206582462 343343407 284065154 93545858
963165351 981284943 262428217 70379544
642920539 220749041 91523580 313288815
59663518 682845649 100863036 55591138
860829470 156534223 329513492 17386689
953250996 61466346 251538121 117017628
316212693 357666698 164115194 130205379
771928109 639978208 161115805 43922611
58855245 130586867 297793453 52438069
748260794 354911120 95755983 246992352
907515378 182080246 184792653 126551001
823793658 672920991 134193830 330816426
989454664 798642321 134990404 264252511
540222638 753979122 306902683 228420450
399156342 674688538 109918534 142650110
818579099 78657405 85524704 185563374
617354568 384708913 189068113 87937181
284396896 352994622 97428802 111440541
716870076 52090856 110650588 131061057
10869913 947479568 31173399 189759383
65679251 857538771 224685708 113411540
289741085 125949618 2294135 29099598
695124327 643507403 34592457 5142053
767591148 763118679 89593176 296402866
628374663 561346867 327782259 289348360
174892906 312920171 61845688 58376262
877275596 541183442 76847844 70320561
651593258 308754347 40113984 256611293
608768656 962690278 127022376 177447239
989881510 175687033 108244112 251260300
320449771 703276293 214646557 272956715
448369394 224270829 152672379 84341905
536627988 822743757 82639 34374991
67355888 326510841 180303130 166398918
984344105 804823088 121776002 166642907
338592642 42336385 168992241 279196348
994197106 47970076 31823077 156319920
786325540 158970336 11430145 195545001
423327799 256978476 114281876 100252083
858055635 988351034 96468754 29487877
571440310 443382558 288692322 130749540
70170988 395256307 239148106 183949282
955090443 912281017 133441578 328149880
477010858 565019349 107494803 298056755
56492383 72670879 254229982 164983453
816943967 514281292 30290575 51188611
674963950 903445968 152478011 83256534
377681351 876272566 196460742 330293965
5425454 991275398 187463954 14814590
576670627 302490850 329551941 93917781
320116979 552492090 141562108 66920538
244996103 923335016 108097218 263229822
80250499 943368149 316697636 272674181
897802334 143706910 155895267 201686323
12818889 491664495 14388915 79961218
279387453 58632001 318987185 224713683
376549136 819982815 48592101 103267280
787825857 752478038 160149256 291147534
690293745 853272893 188013091 84544310
449510697 871776105 140873430 22689398
29051632 230447858 224117060 175388881
510327893 31194727 303750015 224523047
126042699 419222854 132128214 100041771
959763624 790517723 209674911 14857334
489039867 873110794 284004668 106267345
121818076 844470935 303564716 71836716
363806579 611213438 249952060 259203854
135283027 102592966 310239460 133602188
221492982 836349995 46858124 3898356
888104847 12295004 150351977 73384470
510118877 606208687 13276148 164667511
497850422 568715614 79906807 60878133
414988448 831426921 242465324 101857386
68579392 1063255 149886049 144611952
237548409 96972062 328986400 199993325
268850685 60831279 315385287 268663405
305152222 295407890 64510472 326046760
734080433 396268610 73055451 60104464
102864615 707188820 193473367 83287472
349163609 112930984 136304316 205668359
708359363 539436745 118215757 319784805
619116035 717892302 179085975 163322760
274471419 39227149 139508720 248700107
143973544 135224189 134874437 247519415
724421339 264632924 39882504 83291830
519393931 80240103 228287823 102418627
105393123 461171258 303501044 216860785
499447730 851888828 215019420 76025671
706642081 741849229 96232427 234333323
296588736 457324459 74859661 103531502
933637717 133567831 192581205 121106267
314491662 497069739 332678316 69985189
567499808 787358501 133055266 188990768
580961536 759859484 332727318 129909722
439242683 95956567 129269515 298527911
81253042 406217752 244205824 318979517
762504272 19855980 192807103 200609056
880023367 832835474 167383566 11999386
957684525 206839182 29735820 102196539
423258338 237031096 325760393 216077558
220653423 965288833 163424918 50995507
235494190 138473103 259302282 190571485
829775683 74062335 18110857 260629234
17817278 393221116 60097988 209181859
630211747 579468019 280639382 165320990
950491969 935139791 254616716 222370850
106767843 91253828 319036923 157645665
593285285 372173746 297247083 118077587
499567138 356790368 134689080 182722547
457669892 918918131 14266932 295450543
899536594 19622250 19119533 138684151
89221119 34218130 59293690 6566003
833129618 816094480 121855165 134492426
602844811 977853703 94819024 190453488
201121980 910819254 209082690 13976597
267371345 174389085 101801879 135673244
425523759 657256197 329822987 236246650
596142796 6237242 83427767 234405841
63891470 875074562 76798740 126855673
307994189 815707025 178661833 165074317
892587923 197425691 271337216 256789926
219100777 639771275 311493502 283942319
754344056 310059076 34212572 307334863
568801787 401904506 99257634 332341615
401995131 348596449 191779188 222484786
874206548 853806303 229767040 311988940
235993571 89118629 125819014 64735553
29175207 721415727 141435921 329927194
173503385 936065910 120846554 126288607
63226870 235539175 20847911 240936097
406290878 325750858 292170731 129494152
555754155 153685476 28596230 276460232
105452081 659099786 102768604 232860832
866728971 732221190 26892882 25206245
928518929 1443795 81999151 289362992
762267409 333866833 72559463 322089882
351317652 163214755 273398506 215940417
100639117 810465933 12146204 130287357
453756000 355623275 306355097 37274738
558763483 984832222 85337587 91186186
410370985 180632503 162734572 8039981
873904934 872525677 166189748 89003398
572929547 703185053 161992858 182485601
673300348 860574565 167313183 102851058
930809999 498246570 324678865 32855953
648142465 293334865 249584315 61336142
328840291 136308878 164201548 11875807
673654043 569696911 80534713 306994788
502650432 992610167 272401980 195689819
51254757 90720224 147710504 323797054
126470045 366197557 141675040 158939494
619363755 793376470 219016928 259830822
32301384 368959969 324893289 223538867
68822260 142483506 195292622 151349053
199864333 455404017 10245672 96277095
512372563 36225065 96778549 38230564
333409076 821488503 251553219 155610340
500847299 752124894 642323 95518456
646828772 688933084 147318340 301442752
324339972 868396512 174628700 285534375
46249129 712992661 308886361 318411056
249822125 222886762 305957006 151653265
114773539 558538161 33167418 10165030
740926999 649870081 57584498 100478054
812490230 822251178 311241974 233304558
540526433 564894393 281154870 2845300
576300060 723843644 145247647 302429999
188638417 759994741 146346474 214835792
825128731 636656432 166601395 231770253
864720541 129255110 56456690 257602447
441746634 377671731 26750824 325492647
914052414 528378301 68853002 60156554
733872182 984139925 313632054 82006807
189810611 926685054 37256308 20783702
516297310 574938484 107650860 106756441
899603607 145909741 131299131 286893589
61200481 744779026 299711795 296916732
320464061 150469745 23401558 328582245
849811180 10232904 104999453 198329433
769597960 338891033 281609648 322022165
909174388 147773905 271220510 332743018
157431703 47740989 16879917 232906809
749517223 789855431 170456572 128524846
444497389 364970782 183953770 245679634
222515006 833638187 233324321 184827965
690730095 951577824 317397199 153448785
581828997 99869560 94756650 53269400
494084550 552730673 210964365 72511739
81552718 354926412 331596890 95516126
717721275 325806920 234404766 45823946
9376114 818024961 21861294 232357505
997246670 762384696 157625795 36049676
637953751 850310427 123304243 81985630
285396064 113625669 32113403 44885352
865803224 998555468 137032565 3833566
799179317 444035675 194878173 197836902
533071323 820912149 302189777 112861224
179007369 99728177 199349549 89340274
36822601 988105021 49674136 324319724
418035563 504681198 76117575 103788963
417324742 88309464 98923144 241883396
940637766 671790789 111736569 55790900
20247526 997736450 70849236 65273355
26571541 58757852 286681295 92166162
700958441 60697286 3827162 269349687
102075561 330460124 110221366 34365656
947893377 3255565 134313150 91758604
879505618 513941197 90098185 312328500
403542134 579272106 282896886 245446843
153456671 811371222 194952898 327444873
854314570 182275920 326001925 106833693
502001616 470872821 148913213 181064705
866128685 26127554 39119285 140771979
220617024 353530840 165205070 267882136
510773313 867896304 150546011 47667759
836584731 697098780 261379200 62806147
509879625 880067617 222040155 316440108
580822857 222060109 318473653 280701362
970670932 780554706 264972658 210338678
197023149 741243341 190845801 234101672
601212257 456806036 77970800 283155896
970327285 299846871 196374897 131966113
751320681 35802979 238208666 123143087
980548821 87489241 198337064 223064365
232294442 840378220 236780415 281220208
3995650 21353196 253379317 86092012
691934447 511263996 191537565 101972442
854841937 455798501 324199231 110074611
382004683 169564423 158440986 37912616
542160794 116312309 110487033 204463631
336341398 712900476 240350047 57618847
226274405 947852839 321933400 16291974
527206938 249462638 163794450 63737954
442397990 794615210 44500620 36034273
37621051 936795133 179834036 302589397
171664248 883439987 66887924 177669587
980409760 104796083 37826302 120791086
653666368 791775765 212083668 148154232
984560732 150705783 155170175 123247482
343162876 544847931 181867282 233790526
911217792 924505159 240316375 284655314
97218202 297205997 220523763 30562277
204542871 423675822 144567078 158138904
500256799 417525982 196754587 70965002
855347723 573630637 289341204 151607430
150453862 882767887 174988125 2113368
256606234 633794856 4572200 113339699
326778461 842870420 113975102 276699594
529418276 701176983 84260317 304740974
277504180 471233748 105895694 5785871
496300163 490337787 212415765 80219341
664147899 506703159 53982820 59261047
56926041 564204875 117682482 65140427
294456168 915454660 119101637 286437249
639974210 93921419 136791782 251960979
663367134 623792755 195963737 233732185
137718834 800538413 123687276 55981776
983831395 423135637 322279037 49628758
228318343 586075384 142290275 213283196
293413294 567740518 204670845 123010743
712276 26766269 141724230 95728638
31873999 421329793 36229987 305797708
503641466 469049429 27580172 261268643
782477043 49274314 143981340 258096802
160436531 10277657 271205967 295357045
231130292 601861993 179855509 85683711
820563189 65519683 11001446 107639661
918534847 702702087 94363130 223284180
631757853 795067797 61195740 331746899
351059783 124177766 161236717 143766322
702908652 478155211 137474064 196815693
97973544 314358531 280708758 213149464
741755925 549243834 256386427 27427674
853839549 995553983 230681699 318943891
712230798 389156802 137315961 146690657
8575824 252452813 27541795 75894842
752268141 134399092 152371039 314687818
401894114 591265955 126366123 11516408
868647762 562065400 312243086 115472684
217128065 696655396 273046989 290816701
424950808 765086975 144339028 278815369
485041286 33931562 330891186 9598068
594893024 830660777 250784998 10847916
29266474 900835127 242918000 52372604
343966894 818571506 284375188 106305418
664725571 625701875 70288872 140184779
637457567 100880527 239543176 166280457
592361017 870386999 83155672 171431844
124892799 981732868 200769103 207290276
599123679 68319011 253140416 276985930
46900134 709994039 96148866 66271513
74251163 251280828 324009389 66883763
529933262 973633519 33146887 234781764
146616619 21755618 34080176 229638938
403447688 139401831 148209846 126303460
861353949 381518188 249644213 283201203
731802034 550900841 314727577 264094459
934340905 860125243 58009269 4191539
727702463 368887748 237386853 314007836
259347583 610490912 303521057 219885943
499647063 700089843 140051161 324064114
771487463 676491827 19692366 50058690
315758171 515471454 246345241 5286955
700953539 978309372 103775546 318120329
451502501 135771228 51185919 51917110
240982990 46937882 91800853 100646435
494986050 671855644 75442643 164291740
283263687 634503782 182073248 311629524
882208863 850223325 140197910 309657577
854964923 375340556 315548560 177453859
405167495 126910669 122292764 151874440
233070825 4145419 78875536 220320401
211648081 936361129 327979748 127729004
746644548 900930587 159475818 161600595
943308030 99256181 84640524 142376269
865622582 109989021 82856056 215593651
922032125 144889895 44304673 29599193
501882904 977668953 77671648 9903964
441119802 579924542 156465433 194531698
817082517 340902426 60686780 55445978
458556184 427937177 84049897 278338703
612143120 488226835 93383852 172654783
448461165 766666026 246978755 12323933
66880429 925406016 222322533 79544650
269072726 852212141 206490069 144999325
757182771 775701847 328521768 174828720
588651138 2497831 178839519 71634998
378552260 126749531 123056536 103688562
974354198 408180605 21621491 53569632
135063667 710776740 32769358 213928843
162915125 72839144 141797612 299750223
246799772 172828841 129401717 39629945
133500010 407218727 94744894 92034226
423955507 862427175 113046484 271483648
460336089 278029454 64084349 281436252
888572572 637919560 275662291 60176558
960026597 915337640 299830144 248577541
779983137 729364043 44442065 102398621
317644989 14966875 292664620 76699905
398060100 577502067 244117401 187376032
810888287 461177519 201708250 56133792
585251492 846705978 27377086 239954951
193024648 110430091 239318290 14922083
577276310 744786796 96968852 67980895
435039734 678458144 167489077 482139
2296905 535317039 57438964 261600201
364028700 49433791 238354124 184024128
761519873 654931163 241015528 268591861
457234090 829823436 209980341 47222881
350463834 845481158 228825413 303290105
515069014 258320435 193750320 117857062
636663465 284805026 124489662 87100145
455756602 620002737 128662043 151376430
208482280 415834897 151621648 279362976
647230255 787185502 39611386 57926816
655834802 729424004 238056277 249796372
144561160 273868066 176446269 101978834
59257697 304663043 204065781 113315933
24328715 870803269 156137639 9574923
901871364 605395994 239246778 28179272
162605358 102014694 307468455 109985031
779448207 535751543 124718173 113534210
93919315 894408432 84454467 192109606
459664274 871736631 270412490 303919426
806156118 591529497 134437311 128034299
886793964 809625962 260472470 286099314
255267959 763727048 243699390 63944534
315397111 682565553 147902103 249034152
71347855 847507153 274490096 116766764
394908739 152185268 124758893 211991707
513701433 688685263 255986350 167982078
29748690 415504851 254010889 935217
124229679 574093263 141428464 204597395
437029299 757338747 123394921 125193795
391083470 639903664 55738445 286119989
395714455 808952198 7272490 184797768
976170887 876501570 83697009 123134362
382400454 378836679 299850774 151919805
299544025 734742801 124602685 311889895
267320611 321702747 308379192 59144074
90960830 917779987 212833547 81628077
473984671 243501968 226706766 291276245
913094104 454447660 116622750 248244194
716856465 616309357 124028725 48240534
518757692 769884396 191386925 287330860
723494174 714156298 205447264 161087889
916192876 788879714 263611726 174634046
953186993 778746503 293780965 186545309
185336000 883825622 105804428 264839979
676379079 272220376 193986429 6333105
762272934 781230577 220251654 300686315
605858008 435553223 30894777 253434015
798363069 403235999 188673700 234822164
825619419 293715060 197070739 81443227
113685307 34449269 108724814 81938705
948234881 507483774 288877243 40734907
731765397 935142782 326058190 23169859
721263300 874562626 41453239 253202773
510869714 547645686 166116754 195526572
565098888 444306776 122972053 253464031
155358334 914871627 57484242 229625776
988263122 892727328 59588546 325789022
600259745 480322381 53878255 323025634
497623279 46090507 320828266 73681303
56540167 82797989 142692973 79349103
277481591 91580425 260561585 214173869
682076168 179409662 64110619 263327704
932391502 308763727 197763644 212959848
849847107 259552924 226335051 161100994
440472256 641058577 12696501 4353823
856218712 972935809 191636800 73838732
457980307 486590673 304675108 199804008
478952576 780197648 39683127 27329886
357800280 388056132 277869691 290083336
191225364 289140030 280619488 46121906
76744416 791668215 239812869 78831227
956436018 698018503 20111466 102928742
637454048 41736694 160737173 219690943
614234773 282900454 305431026 137789911
286085800 28138161 138319448 39465718
972327760 709575491 318213886 327938646
14730085 46375893 50536633 218240022
753940227 112839661 187395811 240299357
87498057 701012645 283865513 41268012
991673731 232774322 315786792 329837935
27849248 58342931 88888322 208528466
740575707 833651309 327553863 294156790
385797330 842578211 38140487 174006813
807245718 370062452 193638913 266628155
116989345 85346182 146811696 13568609
110304430 46624352 264753085 8913392
630990895 582685151 123530977 57365112
501186617 805570157 126196136 78748025
9567296 529232119 74425002 130615816
80208180 586617785 313984224 9984348
889119106 26560488 311463591 143871165
561990369 532014049 231177207 264050487
743796209 480558670 63553517 177904188
982903349 5335691 68585814 316002424
325664331 652061755 52494084 141212193
969804552 897186506 197570617 234412664
385603860 885895215 196382294 256287492
719149003 492289877 121099287 197178803
209819665 63923053 72556711 31367954
67692557 335434361 167381813 11846405
423963692 999992470 333071729 142641124
570565981 780920584 305166596 77346464
978866270 726141995 118927258 317283358
720940078 737137766 241256813 20780416
912576800 350053920 65174169 173702753
540369300 278465131 129906432 257652549
587834593 311211545 55234495 279871822
365001326 363973444 61208426 4588940
854317316 228427942 280622130 208699959
327891264 425419040 44727612 243976733
67638018 773302457 323346349 15110595
902137492 990263418 25651937 183851662
558860166 816804825 116183925 79015441
867606235 444011709 146586681 104511196
463954662 965843749 106984964 319127270
853836233 939821971 178959440 57837557
961687957 127549171 323199064 146803685
908237420 225516836 79120803 68744120
73636782 101271105 256396506 49341778
358558298 450184198 327577266 138998304
475232357 738524100 66535883 15512231
661490095 934147918 118581452 52879419
723579303 790414332 159820776 86540011
521466239 402298660 155041059 3693102
830353579 49342172 31846923 76282660
34912555 512259448 282584907 318171627
69198924 30624413 227707695 178489836
185456466 968035459 102499602 124885471
297011067 112990635 117686937 140015612
296273321 244090426 67340540 313026069
487151498 347547716 205238078 155425456
785454621 553820232 195829654 127682851
177989306 21528865 58364554 325977364
470756445 673798761 187822024 168248536
310126418 351879251 12074562 178790472
150316653 931201293 320112291 237336150
580016473 908571172 80274163 104724273
860225320 947024830 311659755 27658259
92859871 622707369 281234059 126736596
344097884 872636789 240670555 31255551
764458878 13169386 66328546 129790210
688140959 31136943 146724642 31269012
197736134 193985423 225789988 41669033
44713674 676404240 28434638 49521614
26540074 968365492 21063607 51988457
781566498 423624959 289712636 99297762
888598951 874249991 229447736 240413905
219744522 367270186 175331152 20893572
8360524 721851585 150762299 202003196
933483293 331142241 44164972 73597197
34923335 131912417 182185343 255164770
273898588 1591120 305466604 254932375
114510409 17036701 158965359 261115039
251352846 179910845 230892045 10769111
949259902 555142545 278441109 67623157
768002693 90020906 152862849 235072964
990316788 48953438 193469350 239054273
990729615 397402239 131938564 170130680
182573213 901326169 32238218 121462515
652462628 680848986 28998260 147541355
872862520 532542755 193871028 206150999
888700776 645160541 234928745 254283265
490829582 681058319 252290696 243286794
2213251 690870752 20632729 29392331
868613272 189413392 233431018 66948715
718566942 654030307 111542528 89511108
613062345 112277303 220639317 69663772
46335125 803822364 22831665 146354351
250239115 788786751 181999566 191430108
228266915 869208635 251239676 299034391
307751459 238132631 178572981 241420003
742326203 189466523 126403736 162861117
861103043 666529762 90990377 59854541
745868756 747096325 237345372 283503335
721805493 42760720 65361067 159292647
112355285 717132476 167280363 217911984
780041918 569812663 211828263 129341147
131682767 284091753 240497 117813148
143069930 980569220 304023323 71536017
410954948 405364056 261856015 43315117
244667343 485811568 302180676 99263220
308051557 632407354 307146203 233332024
550640203 895818670 142832679 279904198
457637466 373934349 303747628 74351925
493280470 70943642 82307361 279587730
226688855 323579401 303714931 212668656
702257749 68825303 46143560 293199547
477283405 643728062 241219554 305704133
285448317 51379615 248746405 10968302
698072100 587582911 21654396 20680424
476480319 238184964 265155134 100419474
523912525 507816747 235682091 157162710
370218833 7784066 289923234 128691679
294946805 778677553 134938314 194805050
213327703 41459250 126036492 91587671
264171147 868731052 147770117 178229097
904212555 151603838 90083119 177288197
219877200 804210754 234363366 37869356
705037161 892267622 256577726 280956005
955488539 13145901 233142642 308142348
10831237 651957105 107791848 218805297
761567980 463465512 1300955 65085222
62602088 472246336 70904946 90455595
661708054 656922606 144438255 258668349
724985080 794988254 205133520 191080920
105938785 249199326 33276960 37087110
552783334 615220810 29860208 268582528
300374359 450759388 71527676 278888908
817996675 672770403 84078294 304099790
787035635 356118766 44137746 67517107
778582114 11712021 68403195 82063748
805363519 948198564 44587604 164641029
504274740 20562243 325551110 119920577
55407134 12760112 191637860 2789883
682337375 274548417 185848888 121021073
127105167 303274776 160449096 221440805
166432578 208613246 114991743 78409144
853430686 566244483 37635786 192567425
564293619 795052575 138692919 89101248
728556371 42639044 294148094 150779389
459925136 168098393 81657120 88405478
809599050 267807730 45089104 328629128
186266469 342348929 83075918 303702201
95700961 128266765 291878118 202491111
995443402 165125409 47193667 6947785
245728646 350283335 292651446 99753551
959110086 750944214 24661140 44728993
30839282 772236841 74224395 172155221
642257219 164253105 211744447 298448031
641724466 593186600 194391933 45854559
975396097 739507922 67257990 161956136
231965613 963221580 133347169 133370529
171460171 601001495 83184486 77906345
102875294 93692195 38836554 232372063
351975789 132600010 1142660 248081160
124227674 333373806 21684192 166939919
145558845 216595754 133017586 222369674
990017395 312022581 134747999 25490532
618601473 866604778 125726420 204484550
590941615 636817702 84087709 137125508
308390106 234454525 304337869 63143346
734732277 614392483 326403533 287913303
678210024 980141933 24706900 28976688
118314083 727897631 41947434 192484070
517868010 56405973 308216412 40465512
388958113 71745495 214503605 241126618
654864510 454111889 101620179 14165616
955275552 728440686 98321249 70290595
50969280 587675579 119480228 118100976
989651477 811511118 65367990 157473549
55053549 867013027 4361668 211350149
113932486 455345919 160104497 79254582
591881728 611932786 121798680 66975071
368570463 220916887 77189252 150754501
41632520 785561559 329955463 3142346
712224783 288062697 41591336 219677177
479855027 122327498 276037147 133089783
102451319 203373889 103948171 152688181
780244867 40314281 231067069 117058622
553691559 640351434 138957895 255706732
96742979 314110468 73147878 132708072
336523712 275063158 268338024 249615008
792352767 526843116 243823892 97830270
408341129 424581063 326567036 14719683
323023157 211523277 319597282 192703019
244231038 949789443 198536878 197506699
729824088 874322193 295463102 199479978
682469536 348294697 208179196 165362111
397143553 412503589 203924335 216849991
110994743 118318130 2936982 117199436
114323289 19594508 219526405 211487629
83104367 309182322 330993623 35280372
593163305 676560955 34043014 263602724
356670764 731633543 199889585 124283446
916195127 33733693 152790549 138100822
875145204 449928519 325347607 172341489
735432661 293823067 219365811 111375210
973373835 111088840 11968007 312123714
805163834 94081485 139182643 307760325
484128909 86501921 243964246 102238073
121320276 860859501 327931908 116643895
122811227 356490616 58391176 127935196
14131614 286818522 251073511 134599865
358073853 898051671 39346576 332551188
983843124 974770009 266426739 26757929
334853569 476762237 141058742 293768179
296863194 775172771 26276024 276918115
358640721 480962490 74771983 110744337
997656746 64597440 209915540 194460391
521640352 974110782 257550118 131934383
559489050 294534909 298392422 40437337
122459117 881028787 217726905 53250731
521769146 991267893 187639331 245210931
238981918 774659130 316779658 178522100
630732098 528051266 200676383 218626486
903775150 597094013 167977254 66845682
682867666 804236088 200506659 62051572
371185003 859312658 306966792 150295619
126175563 66310946 70351735 49239572
336758411 279187026 170872393 244458704
371151798 655741292 284113346 494218
412346887 177362712 20760321 152642533
257507994 550268225 86435367 125357553
898895113 975669318 36565977 303292468
347745726 52375167 53743517 332262820
225171213 379352649 27318906 165138275
27084611 91990754 152983656 333151940
39240108 816955877 26614260 177745146
212899039 486375765 194705068 102611480
857735368 693569437 280274937 149211483
329440050 686061578 130557231 124879774
7290756 715108563 156607854 107384465
265877448 481760901 275430445 95865107
140594001 731346301 21685655 102664291
390807969 97504229 142827827 324651739
7268019 894494295 25565190 177402124
890179226 871149574 327013411 252221906
108321805 84384329 34505590 4796821
163258802 199546120 216315735 270181447
159133165 726925412 193893474 161203319
257233947 239327590 268229405 141220374
411326264 410642549 137679761 33785690
693353987 747152659 184150911 57022898
154616026 176319306 18609925 163637083
566354431 71381507 58591248 195578005
75011443 144404906 23383893 52875134
651561308 564749275 322973624 74998502
719867290 34142673 43711714 142609995
144366294 855248989 188003859 55677191
708131302 208404234 104115775 155458296
337396501 59125999 31676983 278720457
341362594 352279415 274008232 148384666
672550489 349617656 301647973 48203276
99600715 99439186 325083509 273082761
322355453 519818962 300468199 116775732
94126623 83666694 65137449 252526069
119392884 679436862 251083642 47335120
992395644 835569300 143952474 232574378
250278471 302759396 88392024 5675276
443559166 983147419 19474310 13492126
166309128 74251321 173226825 139503139
66035969 203425834 310321120 240404201
605142102 140739316 26171860 95915017
979431371 840881336 102716439 259138261
129846892 493311686 135945711 287711732
475320708 868934288 289762011 330152446
921882915 784601072 240607719 308504231
102055169 549258271 144524016 211115349
572668993 973526338 172218046 120354598
566092661 759758989 124524834 32757827
243407846 146787028 176809544 313583525
473418131 311598776 142146708 66010233
673861852 560354058 154843906 170959610
681005133 358393593 310287892 141569643
193561282 539703141 300566035 288409549
124658313 774167469 310034486 177542295
195534992 706613828 140689147 212291166
897219676 88392139 133936800 305880510
650825617 291913942 137935220 247477183
369149991 16604326 22328078 36154312
152101940 664727422 323478300 93448551
669181081 554552222 280150368 203063947
337187111 687391916 14711528 185962072
875820913 69151447 232678475 185686437
782659825 619302672 226399734 121933071
971162732 456302718 208639762 227296015
486675641 585248636 132038520 65250548
887723355 397514970 5436746 307355148
909731782 925960275 259980555 59925790
795867052 609372642 169443324 63575512
7202590 233302601 292475761 87461174
519559959 575705405 133561962 330255226
598808144 60089560 67549270 103986282
683166944 184729071 294276244 254098207
979550715 699212297 297209156 176614854
433381405 724210052 320661207 198244962
252908447 762114510 266082057 106457245
262969145 201057683 184684645 7236900
261424449 802134353 50535181 312010217
45103402 784111795 273930435 85319550
594067495 633875334 2660877 201988743
897609951 57809476 274571216 20522167
111622214 719783570 293727300 305786197
213190673 885879687 268736531 289711842
634445710 665702387 196512545 200946987
117178743 180612496 159810256 221875160
24186122 414704943 7020611 31275335
96968566 603562461 175667108 135990853
114089052 939267034 235046447 300176506
627432733 117219955 332907826 328368821
654746722 621932620 18617586 166100405
68232576 614577684 270421357 111492616
799132830 662728666 297145982 241144540
956079564 356568488 12680811 192159285
501657456 129026642 51917063 240193061
802986708 803325380 52934744 75624183
46762330 102932349 31443845 106844678
783611927 795916879 92309963 96633307
508283998 39189814 199857778 20021945
598349293 938115391 206735369 217258195
529228430 657918908 249771547 60660720
507402743 53301136 124473726 173785670
30940735 122852343 173839141 26613249
405222332 694051059 244606548 33694447
62847470 508435738 108667014 220546917
871218846 824601248 6679170 254310407
251028821 383495033 262223424 227414531
879583114 23437891 36250006 64454644
750388585 402451036 235207511 104164572
80696035 634535691 237550829 11333091
45175403 994232602 290046280 146227569
22428625 148245344 271427861 92405232
765495116 101868629 228230805 17821995
34026226 441092052 113530293 264434215
92116243 654948386 197149156 289344934
7259311 393633870 221470192 1794367
886100076 32352228 16473657 99936140
635930699 61130168 250866838 52999464
142184679 341562614 85714928 11893976
527513134 100731516 237104016 99802735
89769219 217726733 147362149 244778844
456777484 598097335 331757914 210976701
634364767 305293386 60822347 283422315
153064124 656284734 34829874 33775611
279487171 794130202 2088770 294694940
840549792 972907372 47029474 61506347
138977495 125512301 322951414 35048365
891803534 46585297 46829208 176452664
112474182 6424217 264282630 17122983
719126132 107896980 74639899 232263026
666874577 236823718 135325642 122813302
391365141 78980867 205811508 181940335
195934690 981887173 313356258 75004062
57783273 86801217 165114509 197330700
370799834 35249638 215979470 276185908
692870491 417991397 222028482 128373143
383763194 807571389 215314323 285985806
43515358 218165120 72881518 77257951
491228279 146529279 13477483 245416415
93560567 307381737 112160849 77547253
851521470 483284454 238293864 289408266
34249401 104048405 23170705 313284420
778758524 474646175 290648129 220061833
502317478 691619583 202150446 113346749
200798748 127731393 90836923 316092020
721451490 535483240 222478542 123785518
137453819 286893533 52138144 23577157
465724324 643781925 20183084 40954861
230550397 800006385 312182022 207343994
160507626 205171322 248633544 261597122
653734426 788142924 305638833 120275491
577995791 306707150 325945690 279866006
718759106 588763361 221963127 245111031
707446265 579889257 44247420 193643126
670769379 479272944 55505017 109370180
524520164 982987185 140571785 53938346
889588924 332857026 259430653 103633820
750281759 754510101 160315166 139151486
450771292 938264869 238195135 229060903
181362615 882158406 209213948 161410425
797619071 783763495 174664873 226827320
296238780 811043486 255456800 199224295
131679941 675068680 56514187 223954527
502316126 461875097 40999813 104232621
979926515 365810534 58258683 145594407
814269481 306846608 62687404 113156965
744506249 676782715 259174618 184285138
853347649 111103849 264224270 183750111
548068864 836018459 124204935 77477732
683082023 111966893 298545740 18262024
84128104 689765974 239626952 219781813
994003216 936744493 328727555 144552704
486236336 791784089 18651803 310866776
251628754 729150729 294595716 113337444
630333155 265467206 29274548 243556267
346331481 112500991 144841484 141779919
128679075 779121346 130144588 201721065
242205807 271470378 140338592 172094427
878028921 317414835 108402558 70802219
962913844 49174088 147321360 10745413
99460324 887371296 256243633 205291311
569295505 109888344 183756294 221667797
27974307 12725897 55059863 70117842
294993256 559379510 267646443 51486586
692086126 120070724 186991860 3598654
145980627 863034887 49089078 296343879
636980154 519451177 228223312 254530167
442529618 859403359 17228185 124613126
466183238 121320004 189621332 137408806
323305006 653592126 210657138 9944013
418246990 763167493 117031496 224079983
463371471 901570847 182907403 172591974
650366762 815367476 121334153 64763745
406012735 93452398 282363932 232545430
8218498 127799181 103837928 329143768
245886361 646494271 154920649 1150774
806650760 315043003 47211428 69108994
67646804 920968759 140605113 141386206
258019270 760370791 24167883 234440369
644203566 309747360 90169053 43778539
139442664 146651674 277591671 156837554
347772882 361302412 140018277 134025749
446324476 8050933 146856276 332505921
564495134 34431533 122797458 154384723
473724266 161842427 16851612 238001656
369212059 59781202 306255569 178657956
70603888 228555666 279795751 18800303
186526793 777152172 60642190 314142993
627916698 454263700 298602588 70691776
802674698 854340604 160184114 181029584
275850038 587356565 200262872 267811903
